  5.000       99
  5.020       81
  5.040       83
  5.060       77
  5.080       95
  5.100       93
  5.120       68
  5.140       85
  5.160       88
  5.180       69
  5.200       77
  5.220       80
  5.240       84
  5.260       97
  5.280       88
  5.300       70
  5.320       82
  5.340       76
  5.360       85
  5.380       69
  5.400       86
  5.420       94
  5.440       86
  5.460       68
  5.480       72
  5.500       83
  5.520       62
  5.540       78
  5.560       61
  5.580       83
  5.600       76
  5.620       67
  5.640       68
  5.660       70
  5.680       69
  5.700       63
  5.720       62
  5.740       71
  5.760       62
  5.780       74
  5.800       85
  5.820       52
  5.840       67
  5.860       58
  5.880       69
  5.900       76
  5.920       70
  5.940       61
  5.960       54
  5.980       66
  6.000       65
  6.020       79
  6.040       77
  6.060       74
  6.080       64
  6.100       67
  6.120       76
  6.140       60
  6.160       53
  6.180       65
  6.200       58
  6.220       67
  6.240       66
  6.260       56
  6.280       52
  6.300       61
  6.320       57
  6.340       61
  6.360       56
  6.380       54
  6.400       53
  6.420       58
  6.440       48
  6.460       54
  6.480       51
  6.500       68
  6.520       48
  6.540       43
  6.560       41
  6.580       70
  6.600       61
  6.620       65
  6.640       53
  6.660       53
  6.680       60
  6.700       46
  6.720       65
  6.740       56
  6.760       49
  6.780       58
  6.800       63
  6.820       46
  6.840       40
  6.860       64
  6.880       51
  6.900       58
  6.920       61
  6.940       46
  6.960       46
  6.980       50
  7.000       50
  7.020       49
  7.040       47
  7.060       56
  7.080       65
  7.100       48
  7.120       52
  7.140       56
  7.160       46
  7.180       36
  7.200       62
  7.220       54
  7.240       55
  7.260       61
  7.280       48
  7.300       54
  7.320       55
  7.340       53
  7.360       40
  7.380       59
  7.400       55
  7.420       51
  7.440       42
  7.460       43
  7.480       49
  7.500       54
  7.520       57
  7.540       50
  7.560       44
  7.580       49
  7.600       43
  7.620       48
  7.640       47
  7.660       53
  7.680       53
  7.700       42
  7.720       53
  7.740       41
  7.760       57
  7.780       42
  7.800       42
  7.820       46
  7.840       48
  7.860       47
  7.880       49
  7.900       53
  7.920       47
  7.940       50
  7.960       53
  7.980       49
  8.000       53
  8.020       42
  8.040       41
  8.060       45
  8.080       31
  8.100       52
  8.120       54
  8.140       45
  8.160       53
  8.180       38
  8.200       30
  8.220       51
  8.240       47
  8.260       53
  8.280       37
  8.300       50
  8.320       44
  8.340       45
  8.360       42
  8.380       37
  8.400       40
  8.420       43
  8.440       48
  8.460       41
  8.480       47
  8.500       46
  8.520       43
  8.540       46
  8.560       48
  8.580       39
  8.600       41
  8.620       48
  8.640       44
  8.660       46
  8.680       43
  8.700       44
  8.720       39
  8.740       31
  8.760       43
  8.780       41
  8.800       39
  8.820       29
  8.840       38
  8.860       48
  8.880       41
  8.900       43
  8.920       44
  8.940       41
  8.960       36
  8.980       51
  9.000       51
  9.020       41
  9.040       50
  9.060       45
  9.080       37
  9.100       36
  9.120       36
  9.140       57
  9.160       48
  9.180       41
  9.200       40
  9.220       43
  9.240       46
  9.260       44
  9.280       42
  9.300       39
  9.320       50
  9.340       37
  9.360       34
  9.380       39
  9.400       48
  9.420       25
  9.440       42
  9.460       55
  9.480       43
  9.500       40
  9.520       31
  9.540       48
  9.560       34
  9.580       26
  9.600       46
  9.620       34
  9.640       47
  9.660       46
  9.680       38
  9.700       30
  9.720       33
  9.740       25
  9.760       44
  9.780       35
  9.800       41
  9.820       35
  9.840       38
  9.860       39
  9.880       38
  9.900       43
  9.920       38
  9.940       34
  9.960       38
  9.980       37
 10.000       40
 10.020       35
 10.040       37
 10.060       39
 10.080       36
 10.100       43
 10.120       37
 10.140       30
 10.160       42
 10.180       34
 10.200       36
 10.220       40
 10.240       52
 10.260       49
 10.280       45
 10.300       39
 10.320       47
 10.340       27
 10.360       32
 10.380       52
 10.400       37
 10.420       35
 10.440       44
 10.460       43
 10.480       34
 10.500       34
 10.520       33
 10.540       34
 10.560       41
 10.580       44
 10.600       40
 10.620       47
 10.640       44
 10.660       33
 10.680       35
 10.700       45
 10.720       34
 10.740       43
 10.760       34
 10.780       26
 10.800       40
 10.820       32
 10.840       34
 10.860       31
 10.880       42
 10.900       32
 10.920       47
 10.940       31
 10.960       27
 10.980       27
 11.000       33
 11.020       36
 11.040       38
 11.060       41
 11.080       36
 11.100       33
 11.120       37
 11.140       28
 11.160       35
 11.180       40
 11.200       38
 11.220       53
 11.240       39
 11.260       47
 11.280       45
 11.300       34
 11.320       41
 11.340       33
 11.360       36
 11.380       38
 11.400       53
 11.420       43
 11.440       36
 11.460       40
 11.480       33
 11.500       28
 11.520       49
 11.540       33
 11.560       44
 11.580       31
 11.600       29
 11.620       38
 11.640       37
 11.660       26
 11.680       30
 11.700       40
 11.720       42
 11.740       36
 11.760       38
 11.780       40
 11.800       43
 11.820       39
 11.840       41
 11.860       49
 11.880       32
 11.900       40
 11.920       39
 11.940       54
 11.960       43
 11.980       40
 12.000       41
 12.020       42
 12.040       45
 12.060       30
 12.080       37
 12.100       36
 12.120       45
 12.140       38
 12.160       35
 12.180       43
 12.200       43
 12.220       26
 12.240       34
 12.260       39
 12.280       49
 12.300       56
 12.320       53
 12.340       54
 12.360       37
 12.380       46
 12.400       40
 12.420       48
 12.440       30
 12.460       53
 12.480       41
 12.500       43
 12.520       34
 12.540       38
 12.560       44
 12.580       53
 12.600       35
 12.620       57
 12.640       49
 12.660       60
 12.680       39
 12.700       64
 12.720       45
 12.740       53
 12.760       43
 12.780       47
 12.800       60
 12.820       53
 12.840       55
 12.860       54
 12.880       58
 12.900       61
 12.920       56
 12.940       57
 12.960       69
 12.980       68
 13.000       66
 13.020       51
 13.040       77
 13.060       61
 13.080       62
 13.100       74
 13.120       60
 13.140       47
 13.160       75
 13.180       81
 13.200       74
 13.220       85
 13.240       84
 13.260       92
 13.280       90
 13.300       96
 13.320       84
 13.340      113
 13.360       85
 13.380      101
 13.400      107
 13.420      113
 13.440      109
 13.460      119
 13.480      146
 13.500      125
 13.520      142
 13.540      156
 13.560      147
 13.580      155
 13.600      174
 13.620      193
 13.640      188
 13.660      193
 13.680      189
 13.700      203
 13.720      195
 13.740      256
 13.760      255
 13.780      278
 13.800      332
 13.820      337
 13.840      349
 13.860      404
 13.880      393
 13.900      467
 13.920      530
 13.940      566
 13.960      606
 13.980      706
 14.000      783
 14.020      798
 14.040      909
 14.060      983
 14.080      989
 14.100     1015
 14.120      940
 14.140      844
 14.160      756
 14.180      660
 14.200      585
 14.220      532
 14.240      478
 14.260      436
 14.280      413
 14.300      349
 14.320      331
 14.340      316
 14.360      292
 14.380      273
 14.400      228
 14.420      212
 14.440      210
 14.460      201
 14.480      186
 14.500      173
 14.520      135
 14.540      183
 14.560      152
 14.580      158
 14.600      132
 14.620      148
 14.640      127
 14.660      131
 14.680      117
 14.700      101
 14.720      125
 14.740      111
 14.760       96
 14.780      103
 14.800       94
 14.820       87
 14.840       93
 14.860       87
 14.880       80
 14.900       88
 14.920       66
 14.940       89
 14.960       66
 14.980       69
 15.000       83
 15.020       76
 15.040       66
 15.060       66
 15.080       64
 15.100       75
 15.120       66
 15.140       52
 15.160       69
 15.180       51
 15.200       47
 15.220       61
 15.240       63
 15.260       60
 15.280       49
 15.300       55
 15.320       53
 15.340       56
 15.360       60
 15.380       68
 15.400       52
 15.420       60
 15.440       49
 15.460       55
 15.480       35
 15.500       46
 15.520       45
 15.540       58
 15.560       55
 15.580       52
 15.600       48
 15.620       35
 15.640       55
 15.660       42
 15.680       51
 15.700       44
 15.720       52
 15.740       46
 15.760       44
 15.780       42
 15.800       44
 15.820       44
 15.840       56
 15.860       36
 15.880       43
 15.900       47
 15.920       46
 15.940       44
 15.960       45
 15.980       31
 16.000       43
 16.020       57
 16.040       41
 16.060       40
 16.080       41
 16.100       39
 16.120       43
 16.140       55
 16.160       46
 16.180       42
 16.200       36
 16.220       45
 16.240       33
 16.260       32
 16.280       47
 16.300       45
 16.320       29
 16.340       46
 16.360       52
 16.380       37
 16.400       52
 16.420       33
 16.440       46
 16.460       43
 16.480       38
 16.500       47
 16.520       48
 16.540       32
 16.560       28
 16.580       42
 16.600       36
 16.620       39
 16.640       34
 16.660       26
 16.680       34
 16.700       44
 16.720       39
 16.740       45
 16.760       47
 16.780       38
 16.800       47
 16.820       38
 16.840       36
 16.860       44
 16.880       35
 16.900       44
 16.920       37
 16.940       43
 16.960       47
 16.980       32
 17.000       42
 17.020       51
 17.040       34
 17.060       32
 17.080       37
 17.100       40
 17.120       38
 17.140       43
 17.160       52
 17.180       48
 17.200       48
 17.220       36
 17.240       35
 17.260       47
 17.280       40
 17.300       37
 17.320       47
 17.340       39
 17.360       41
 17.380       44
 17.400       37
 17.420       41
 17.440       36
 17.460       45
 17.480       36
 17.500       50
 17.520       39
 17.540       40
 17.560       50
 17.580       32
 17.600       39
 17.620       32
 17.640       29
 17.660       44
 17.680       37
 17.700       47
 17.720       53
 17.740       43
 17.760       32
 17.780       42
 17.800       48
 17.820       42
 17.840       45
 17.860       47
 17.880       53
 17.900       44
 17.920       47
 17.940       30
 17.960       48
 17.980       43
 18.000       45
 18.020       45
 18.040       40
 18.060       38
 18.080       43
 18.100       41
 18.120       54
 18.140       44
 18.160       44
 18.180       43
 18.200       42
 18.220       43
 18.240       35
 18.260       37
 18.280       49
 18.300       48
 18.320       47
 18.340       49
 18.360       41
 18.380       32
 18.400       33
 18.420       39
 18.440       36
 18.460       45
 18.480       45
 18.500       52
 18.520       49
 18.540       59
 18.560       45
 18.580       57
 18.600       47
 18.620       42
 18.640       51
 18.660       42
 18.680       61
 18.700       53
 18.720       51
 18.740       42
 18.760       53
 18.780       44
 18.800       52
 18.820       42
 18.840       56
 18.860       41
 18.880       39
 18.900       40
 18.920       54
 18.940       45
 18.960       40
 18.980       53
 19.000       41
 19.020       31
 19.040       46
 19.060       71
 19.080       48
 19.100       58
 19.120       65
 19.140       36
 19.160       55
 19.180       49
 19.200       46
 19.220       41
 19.240       38
 19.260       49
 19.280       45
 19.300       59
 19.320       50
 19.340       60
 19.360       62
 19.380       57
 19.400       56
 19.420       71
 19.440       58
 19.460       60
 19.480       61
 19.500       61
 19.520       68
 19.540       72
 19.560       63
 19.580       79
 19.600       68
 19.620       82
 19.640       76
 19.660       79
 19.680      102
 19.700       87
 19.720       97
 19.740       95
 19.760       87
 19.780      106
 19.800      136
 19.820      125
 19.840      124
 19.860      144
 19.880      151
 19.900      140
 19.920      150
 19.940      170
 19.960      161
 19.980      161
 20.000      146
 20.020      150
 20.040      159
 20.060      141
 20.080      121
 20.100      139
 20.120      128
 20.140      105
 20.160      113
 20.180      124
 20.200       94
 20.220      111
 20.240       85
 20.260       97
 20.280       94
 20.300       78
 20.320       84
 20.340       70
 20.360       75
 20.380       69
 20.400       63
 20.420       66
 20.440       70
 20.460       55
 20.480       76
 20.500       56
 20.520       83
 20.540       61
 20.560       63
 20.580       71
 20.600       52
 20.620       63
 20.640       58
 20.660       63
 20.680       57
 20.700       53
 20.720       60
 20.740       57
 20.760       52
 20.780       50
 20.800       52
 20.820       32
 20.840       43
 20.860       37
 20.880       63
 20.900       56
 20.920       44
 20.940       53
 20.960       49
 20.980       54
 21.000       57
 21.020       46
 21.040       45
 21.060       40
 21.080       42
 21.100       42
 21.120       54
 21.140       47
 21.160       52
 21.180       52
 21.200       58
 21.220       50
 21.240       53
 21.260       52
 21.280       45
 21.300       45
 21.320       50
 21.340       42
 21.360       47
 21.380       53
 21.400       60
 21.420       38
 21.440       62
 21.460       60
 21.480       65
 21.500       46
 21.520       69
 21.540       58
 21.560       54
 21.580       54
 21.600       62
 21.620       57
 21.640       55
 21.660       63
 21.680       47
 21.700       74
 21.720       52
 21.740       66
 21.760       62
 21.780       67
 21.800       56
 21.820       62
 21.840       63
 21.860       62
 21.880       73
 21.900       53
 21.920       63
 21.940       70
 21.960       77
 21.980       62
 22.000       58
 22.020       64
 22.040       77
 22.060       80
 22.080       59
 22.100       65
 22.120       66
 22.140       72
 22.160       66
 22.180       78
 22.200       83
 22.220       75
 22.240       77
 22.260       87
 22.280       75
 22.300       89
 22.320       75
 22.340       92
 22.360       84
 22.380       83
 22.400       77
 22.420       89
 22.440       75
 22.460       91
 22.480       84
 22.500       93
 22.520       72
 22.540       83
 22.560       72
 22.580       79
 22.600       71
 22.620       70
 22.640       88
 22.660       70
 22.680       74
 22.700       79
 22.720       82
 22.740       72
 22.760       68
 22.780       87
 22.800       73
 22.820       60
 22.840       71
 22.860       88
 22.880       64
 22.900       95
 22.920       64
 22.940       85
 22.960       76
 22.980       99
 23.000       99
 23.020       92
 23.040      100
 23.060       82
 23.080       97
 23.100       81
 23.120       87
 23.140      104
 23.160       89
 23.180      107
 23.200      107
 23.220       94
 23.240      111
 23.260       98
 23.280      110
 23.300      103
 23.320      116
 23.340      130
 23.360      101
 23.380      124
 23.400      117
 23.420      130
 23.440      144
 23.460      135
 23.480      145
 23.500      147
 23.520      139
 23.540      174
 23.560      151
 23.580      171
 23.600      160
 23.620      158
 23.640      199
 23.660      197
 23.680      197
 23.700      186
 23.720      209
 23.740      208
 23.760      211
 23.780      239
 23.800      237
 23.820      263
 23.840      273
 23.860      288
 23.880      292
 23.900      335
 23.920      342
 23.940      352
 23.960      354
 23.980      382
 24.000      426
 24.020      457
 24.040      479
 24.060      493
 24.080      487
 24.100      543
 24.120      571
 24.140      624
 24.160      646
 24.180      695
 24.200      818
 24.220      752
 24.240      938
 24.260      947
 24.280     1058
 24.300     1088
 24.320     1166
 24.340     1236
 24.360     1389
 24.380     1498
 24.400     1688
 24.420     1832
 24.440     1905
 24.460     2132
 24.480     2181
 24.500     2350
 24.520     2317
 24.540     2276
 24.560     2215
 24.580     2037
 24.600     1913
 24.620     1702
 24.640     1656
 24.660     1430
 24.680     1315
 24.700     1253
 24.720     1165
 24.740     1049
 24.760      966
 24.780      945
 24.800      840
 24.820      761
 24.840      723
 24.860      692
 24.880      594
 24.900      570
 24.920      591
 24.940      528
 24.960      480
 24.980      453
 25.000      468
 25.020      394
 25.040      407
 25.060      367
 25.080      373
 25.100      336
 25.120      326
 25.140      296
 25.160      293
 25.180      296
 25.200      276
 25.220      258
 25.240      278
 25.260      257
 25.280      234
 25.300      240
 25.320      205
 25.340      241
 25.360      203
 25.380      194
 25.400      191
 25.420      197
 25.440      204
 25.460      157
 25.480      164
 25.500      159
 25.520      156
 25.540      143
 25.560      160
 25.580      133
 25.600      159
 25.620      161
 25.640      147
 25.660      175
 25.680      138
 25.700      126
 25.720      125
 25.740      110
 25.760      142
 25.780      130
 25.800      104
 25.820      136
 25.840      119
 25.860      133
 25.880       85
 25.900      120
 25.920      118
 25.940      102
 25.960      134
 25.980      107
 26.000      129
 26.020      112
 26.040      114
 26.060       87
 26.080       99
 26.100       93
 26.120      104
 26.140       95
 26.160      103
 26.180       94
 26.200       98
 26.220      111
 26.240       85
 26.260      100
 26.280       91
 26.300       93
 26.320       82
 26.340       85
 26.360       91
 26.380      100
 26.400       85
 26.420       94
 26.440       78
 26.460      114
 26.480       79
 26.500       82
 26.520       83
 26.540       84
 26.560       77
 26.580       93
 26.600      100
 26.620       87
 26.640       83
 26.660       75
 26.680       78
 26.700       83
 26.720       85
 26.740       83
 26.760       72
 26.780       95
 26.800       86
 26.820       85
 26.840       95
 26.860       81
 26.880       81
 26.900       78
 26.920       87
 26.940       85
 26.960       99
 26.980       87
 27.000       78
 27.020       85
 27.040       77
 27.060       97
 27.080       80
 27.100       71
 27.120       72
 27.140       86
 27.160       86
 27.180      100
 27.200       90
 27.220       79
 27.240       74
 27.260       69
 27.280       85
 27.300       79
 27.320       88
 27.340       68
 27.360       97
 27.380       84
 27.400       92
 27.420       74
 27.440       81
 27.460       78
 27.480       69
 27.500       72
 27.520       64
 27.540       64
 27.560       74
 27.580       83
 27.600       85
 27.620      102
 27.640       78
 27.660       87
 27.680       60
 27.700       80
 27.720       80
 27.740       69
 27.760       84
 27.780       83
 27.800       72
 27.820       74
 27.840       76
 27.860       77
 27.880       71
 27.900       67
 27.920       73
 27.940       69
 27.960       72
 27.980       69
 28.000       64
 28.020       71
 28.040       64
 28.060       63
 28.080       65
 28.100       70
 28.120       73
 28.140       58
 28.160       70
 28.180       77
 28.200       62
 28.220       80
 28.240       92
 28.260       73
 28.280       62
 28.300       65
 28.320       78
 28.340       71
 28.360       82
 28.380       68
 28.400       92
 28.420       75
 28.440       53
 28.460       69
 28.480       62
 28.500       68
 28.520       66
 28.540       66
 28.560       69
 28.580       77
 28.600       68
 28.620       56
 28.640       57
 28.660       73
 28.680       61
 28.700       79
 28.720       63
 28.740       61
 28.760       72
 28.780       80
 28.800       62
 28.820       62
 28.840       56
 28.860       62
 28.880       54
 28.900       65
 28.920       73
 28.940       68
 28.960       69
 28.980       66
 29.000       68
 29.020       69
 29.040       72
 29.060       60
 29.080       81
 29.100       60
 29.120       77
 29.140       67
 29.160       74
 29.180       64
 29.200       65
 29.220       77
 29.240       54
 29.260       62
 29.280       53
 29.300       60
 29.320       62
 29.340       71
 29.360       55
 29.380       69
 29.400       53
 29.420       59
 29.440       61
 29.460       75
 29.480       64
 29.500       47
 29.520       59
 29.540       64
 29.560       52
 29.580       69
 29.600       72
 29.620       52
 29.640       49
 29.660       62
 29.680       51
 29.700       88
 29.720       63
 29.740       64
 29.760       69
 29.780       69
 29.800       73
 29.820       54
 29.840       70
 29.860       65
 29.880       65
 29.900       55
 29.920       59
 29.940       72
 29.960       59
 29.980       62
 30.000       72
 30.020       73
 30.040       73
 30.060       79
 30.080       72
 30.100       66
 30.120       62
 30.140       70
 30.160       44
 30.180       68
 30.200       65
 30.220       66
 30.240       57
 30.260       75
 30.280       71
 30.300       69
 30.320       60
 30.340       56
 30.360       76
 30.380       47
 30.400       70
 30.420       72
 30.440       59
 30.460       65
 30.480       70
 30.500       60
 30.520       77
 30.540       86
 30.560       71
 30.580       66
 30.600       71
 30.620       69
 30.640       77
 30.660       72
 30.680       86
 30.700       68
 30.720       76
 30.740       61
 30.760       87
 30.780       69
 30.800       72
 30.820       73
 30.840       76
 30.860       78
 30.880       63
 30.900       76
 30.920       75
 30.940       74
 30.960       77
 30.980       93
 31.000       78
 31.020       77
 31.040       67
 31.060       83
 31.080       81
 31.100       84
 31.120       78
 31.140       87
 31.160       98
 31.180       88
 31.200       95
 31.220       80
 31.240      114
 31.260       88
 31.280      117
 31.300      127
 31.320      116
 31.340      102
 31.360      100
 31.380      160
 31.400      115
 31.420      133
 31.440      132
 31.460      140
 31.480      146
 31.500      167
 31.520      167
 31.540      156
 31.560      176
 31.580      202
 31.600      181
 31.620      226
 31.640      217
 31.660      196
 31.680      203
 31.700      260
 31.720      249
 31.740      265
 31.760      284
 31.780      281
 31.800      264
 31.820      304
 31.840      294
 31.860      267
 31.880      258
 31.900      233
 31.920      252
 31.940      227
 31.960      205
 31.980      191
 32.000      183
 32.020      176
 32.040      176
 32.060      170
 32.080      144
 32.100      138
 32.120      133
 32.140      123
 32.160      126
 32.180      125
 32.200      110
 32.220      113
 32.240      120
 32.260      110
 32.280      120
 32.300       91
 32.320       95
 32.340       88
 32.360       88
 32.380       85
 32.400      101
 32.420       76
 32.440       81
 32.460       84
 32.480       92
 32.500       93
 32.520       80
 32.540       76
 32.560       72
 32.580       87
 32.600       77
 32.620       79
 32.640      101
 32.660       65
 32.680       76
 32.700       67
 32.720       70
 32.740       85
 32.760       70
 32.780       78
 32.800       85
 32.820       77
 32.840       81
 32.860       96
 32.880       89
 32.900       84
 32.920       72
 32.940       82
 32.960       68
 32.980       64
 33.000       86
 33.020       73
 33.040       71
 33.060       71
 33.080       67
 33.100       83
 33.120       72
 33.140       70
 33.160       62
 33.180       73
 33.200       66
 33.220       79
 33.240       80
 33.260       74
 33.280       79
 33.300       70
 33.320       82
 33.340       78
 33.360       78
 33.380       71
 33.400       63
 33.420       87
 33.440       72
 33.460       68
 33.480       77
 33.500       72
 33.520       72
 33.540       84
 33.560       92
 33.580       68
 33.600       69
 33.620       91
 33.640       84
 33.660       71
 33.680       69
 33.700       79
 33.720       82
 33.740       83
 33.760       87
 33.780       60
 33.800       65
 33.820       74
 33.840       82
 33.860       63
 33.880       89
 33.900       87
 33.920       79
 33.940       93
 33.960       77
 33.980       90
 34.000      100
 34.020       74
 34.040      105
 34.060      109
 34.080       96
 34.100       93
 34.120      116
 34.140      104
 34.160      115
 34.180      126
 34.200      117
 34.220      106
 34.240      105
 34.260      124
 34.280      117
 34.300      144
 34.320      132
 34.340      131
 34.360      137
 34.380      153
 34.400      149
 34.420      162
 34.440      161
 34.460      196
 34.480      161
 34.500      187
 34.520      202
 34.540      180
 34.560      188
 34.580      264
 34.600      213
 34.620      246
 34.640      244
 34.660      300
 34.680      289
 34.700      280
 34.720      306
 34.740      342
 34.760      341
 34.780      331
 34.800      391
 34.820      372
 34.840      365
 34.860      427
 34.880      445
 34.900      464
 34.920      534
 34.940      518
 34.960      491
 34.980      475
 35.000      443
 35.020      402
 35.040      453
 35.060      396
 35.080      386
 35.100      297
 35.120      336
 35.140      316
 35.160      265
 35.180      252
 35.200      215
 35.220      222
 35.240      213
 35.260      183
 35.280      165
 35.300      165
 35.320      147
 35.340      173
 35.360      155
 35.380      159
 35.400      126
 35.420      135
 35.440      123
 35.460      113
 35.480      117
 35.500      127
 35.520      120
 35.540      107
 35.560      103
 35.580      105
 35.600       87
 35.620       75
 35.640      104
 35.660       84
 35.680       96
 35.700       77
 35.720       80
 35.740       70
 35.760       81
 35.780       79
 35.800       66
 35.820       69
 35.840       62
 35.860       70
 35.880       83
 35.900       70
 35.920       72
 35.940       66
 35.960       72
 35.980       90
 36.000       78
 36.020       80
 36.040       78
 36.060       65
 36.080       65
 36.100       83
 36.120       71
 36.140       58
 36.160       63
 36.180       66
 36.200       74
 36.220       58
 36.240       67
 36.260       54
 36.280       64
 36.300       67
 36.320       57
 36.340       72
 36.360       62
 36.380       67
 36.400       58
 36.420       57
 36.440       59
 36.460       65
 36.480       68
 36.500       60
 36.520       72
 36.540       60
 36.560       57
 36.580       72
 36.600       67
 36.620       62
 36.640       57
 36.660       53
 36.680       63
 36.700       69
 36.720       68
 36.740       73
 36.760       70
 36.780       58
 36.800       64
 36.820       56
 36.840       56
 36.860       78
 36.880       66
 36.900       76
 36.920       84
 36.940       74
 36.960       77
 36.980       78
 37.000       83
 37.020       73
 37.040       69
 37.060       76
 37.080       92
 37.100       82
 37.120       89
 37.140       78
 37.160      113
 37.180       82
 37.200      106
 37.220       92
 37.240      111
 37.260      101
 37.280      112
 37.300      108
 37.320      125
 37.340      124
 37.360      148
 37.380      105
 37.400      139
 37.420      140
 37.440      150
 37.460      186
 37.480      138
 37.500      181
 37.520      163
 37.540      182
 37.560      213
 37.580      213
 37.600      233
 37.620      246
 37.640      255
 37.660      275
 37.680      313
 37.700      276
 37.720      298
 37.740      343
 37.760      308
 37.780      386
 37.800      373
 37.820      399
 37.840      340
 37.860      391
 37.880      371
 37.900      336
 37.920      362
 37.940      342
 37.960      349
 37.980      296
 38.000      250
 38.020      246
 38.040      215
 38.060      227
 38.080      198
 38.100      212
 38.120      202
 38.140      158
 38.160      174
 38.180      158
 38.200      154
 38.220      128
 38.240      128
 38.260      117
 38.280      120
 38.300      130
 38.320      111
 38.340       86
 38.360      123
 38.380       90
 38.400       90
 38.420       89
 38.440       92
 38.460       84
 38.480       83
 38.500       78
 38.520       83
 38.540       73
 38.560       80
 38.580       81
 38.600       78
 38.620       76
 38.640       72
 38.660       65
 38.680       65
 38.700       83
 38.720       77
 38.740       75
 38.760       69
 38.780       63
 38.800       53
 38.820       71
 38.840       71
 38.860       69
 38.880       75
 38.900       48
 38.920       46
 38.940       44
 38.960       61
 38.980       45
 39.000       48
 39.020       43
 39.040       53
 39.060       57
 39.080       57
 39.100       53
 39.120       58
 39.140       50
 39.160       51
 39.180       52
 39.200       50
 39.220       52
 39.240       50
 39.260       50
 39.280       42
 39.300       48
 39.320       47
 39.340       49
 39.360       56
 39.380       53
 39.400       41
 39.420       50
 39.440       47
 39.460       52
 39.480       45
 39.500       52
 39.520       52
 39.540       52
 39.560       68
 39.580       43
 39.600       36
 39.620       50
 39.640       50
 39.660       43
 39.680       60
 39.700       46
 39.720       46
 39.740       58
 39.760       53
 39.780       43
 39.800       48
 39.820       60
 39.840       57
 39.860       45
 39.880       62
 39.900       49
 39.920       52
 39.940       54
 39.960       40
 39.980       48
 40.000       49
 40.020       37
 40.040       49
 40.060       68
 40.080       46
 40.100       52
 40.120       62
 40.140       49
 40.160       52
 40.180       58
 40.200       49
 40.220       41
 40.240       64
 40.260       51
 40.280       54
 40.300       38
 40.320       55
 40.340       61
 40.360       63
 40.380       65
 40.400       76
 40.420       64
 40.440       62
 40.460       68
 40.480       60
 40.500       64
 40.520       76
 40.540       60
 40.560       65
 40.580       56
 40.600       58
 40.620       58
 40.640       59
 40.660       59
 40.680       86
 40.700       49
 40.720       70
 40.740       48
 40.760       60
 40.780       53
 40.800       54
 40.820       50
 40.840       64
 40.860       65
 40.880       66
 40.900       51
 40.920       57
 40.940       50
 40.960       45
 40.980       53
 41.000       52
 41.020       49
 41.040       56
 41.060       47
 41.080       59
 41.100       56
 41.120       69
 41.140       52
 41.160       45
 41.180       52
 41.200       47
 41.220       47
 41.240       55
 41.260       68
 41.280       66
 41.300       54
 41.320       45
 41.340       58
 41.360       56
 41.380       60
 41.400       41
 41.420       57
 41.440       43
 41.460       53
 41.480       62
 41.500       53
 41.520       60
 41.540       55
 41.560       50
 41.580       55
 41.600       67
 41.620       66
 41.640       51
 41.660       61
 41.680       66
 41.700       58
 41.720       48
 41.740       53
 41.760       58
 41.780       66
 41.800       74
 41.820       55
 41.840       59
 41.860       59
 41.880       68
 41.900       76
 41.920       59
 41.940       78
 41.960       67
 41.980       64
 42.000       70
 42.020       77
 42.040       72
 42.060       73
 42.080       67
 42.100       83
 42.120       94
 42.140       76
 42.160       71
 42.180       87
 42.200       82
 42.220       90
 42.240       89
 42.260       96
 42.280       78
 42.300       88
 42.320      110
 42.340       96
 42.360      108
 42.380      108
 42.400      115
 42.420      117
 42.440      106
 42.460      122
 42.480      118
 42.500      142
 42.520      147
 42.540      130
 42.560      149
 42.580      146
 42.600      182
 42.620      187
 42.640      194
 42.660      179
 42.680      217
 42.700      209
 42.720      252
 42.740      241
 42.760      263
 42.780      249
 42.800      263
 42.820      299
 42.840      319
 42.860      351
 42.880      348
 42.900      391
 42.920      370
 42.940      417
 42.960      480
 42.980      482
 43.000      553
 43.020      588
 43.040      619
 43.060      600
 43.080      676
 43.100      642
 43.120      676
 43.140      660
 43.160      660
 43.180      628
 43.200      606
 43.220      565
 43.240      586
 43.260      538
 43.280      516
 43.300      465
 43.320      438
 43.340      403
 43.360      395
 43.380      332
 43.400      310
 43.420      314
 43.440      328
 43.460      251
 43.480      236
 43.500      234
 43.520      202
 43.540      197
 43.560      200
 43.580      183
 43.600      184
 43.620      188
 43.640      153
 43.660      167
 43.680      166
 43.700      136
 43.720      137
 43.740      149
 43.760      130
 43.780      129
 43.800      111
 43.820       92
 43.840      128
 43.860      121
 43.880      113
 43.900      100
 43.920       77
 43.940      114
 43.960       96
 43.980      106
 44.000       96
 44.020       92
 44.040       82
 44.060       74
 44.080       80
 44.100       85
 44.120       78
 44.140       69
 44.160       71
 44.180       73
 44.200       73
 44.220       74
 44.240       62
 44.260       69
 44.280       80
 44.300       77
 44.320       62
 44.340       74
 44.360       58
 44.380       53
 44.400       71
 44.420       51
 44.440       60
 44.460       67
 44.480       60
 44.500       65
 44.520       76
 44.540       60
 44.560       57
 44.580       61
 44.600       49
 44.620       56
 44.640       50
 44.660       60
 44.680       59
 44.700       63
 44.720       60
 44.740       51
 44.760       50
 44.780       53
 44.800       64
 44.820       56
 44.840       58
 44.860       77
 44.880       60
 44.900       66
 44.920       53
 44.940       56
 44.960       57
 44.980       59
 45.000       56
 45.020       66
 45.040       61
 45.060       49
 45.080       70
 45.100       56
 45.120       51
 45.140       72
 45.160       54
 45.180       55
 45.200       67
 45.220       71
 45.240       79
 45.260       69
 45.280       76
 45.300       79
 45.320       71
 45.340       73
 45.360       90
 45.380       69
 45.400       79
 45.420       95
 45.440      102
 45.460      111
 45.480       91
 45.500      102
 45.520       83
 45.540      109
 45.560      114
 45.580      110
 45.600      123
 45.620      129
 45.640      110
 45.660      105
 45.680      107
 45.700      100
 45.720       93
 45.740       97
 45.760       90
 45.780       98
 45.800       70
 45.820       82
 45.840       74
 45.860       90
 45.880       75
 45.900       73
 45.920       62
 45.940       77
 45.960       71
 45.980       65
 46.000       56
 46.020       74
 46.040       60
 46.060       69
 46.080       62
 46.100       53
 46.120       56
 46.140       55
 46.160       58
 46.180       60
 46.200       54
 46.220       59
 46.240       55
 46.260       68
 46.280       61
 46.300       50
 46.320       53
 46.340       62
 46.360       55
 46.380       61
 46.400       52
 46.420       52
 46.440       52
 46.460       51
 46.480       43
 46.500       50
 46.520       45
 46.540       53
 46.560       56
 46.580       52
 46.600       42
 46.620       43
 46.640       46
 46.660       39
 46.680       39
 46.700       53
 46.720       49
 46.740       48
 46.760       41
 46.780       43
 46.800       33
 46.820       48
 46.840       40
 46.860       50
 46.880       42
 46.900       47
 46.920       50
 46.940       39
 46.960       45
 46.980       35
 47.000       45
 47.020       46
 47.040       38
 47.060       40
 47.080       49
 47.100       50
 47.120       47
 47.140       57
 47.160       48
 47.180       44
 47.200       55
 47.220       47
 47.240       43
 47.260       42
 47.280       39
 47.300       57
 47.320       43
 47.340       54
 47.360       44
 47.380       45
 47.400       47
 47.420       29
 47.440       58
 47.460       50
 47.480       51
 47.500       49
 47.520       45
 47.540       55
 47.560       70
 47.580       69
 47.600       64
 47.620       65
 47.640       65
 47.660       58
 47.680       59
 47.700       66
 47.720       75
 47.740       97
 47.760       88
 47.780       92
 47.800       69
 47.820       82
 47.840       99
 47.860       89
 47.880       86
 47.900      105
 47.920       93
 47.940      115
 47.960      116
 47.980      101
 48.000       92
 48.020      119
 48.040       89
 48.060       84
 48.080       76
 48.100       97
 48.120       75
 48.140       87
 48.160       91
 48.180       75
 48.200       75
 48.220       65
 48.240       44
 48.260       59
 48.280       57
 48.300       65
 48.320       63
 48.340       50
 48.360       56
 48.380       59
 48.400       54
 48.420       49
 48.440       57
 48.460       52
 48.480       50
 48.500       41
 48.520       50
 48.540       46
 48.560       46
 48.580       61
 48.600       41
 48.620       39
 48.640       51
 48.660       43
 48.680       37
 48.700       47
 48.720       40
 48.740       45
 48.760       46
 48.780       36
 48.800       53
 48.820       53
 48.840       28
 48.860       34
 48.880       46
 48.900       35
 48.920       46
 48.940       33
 48.960       34
 48.980       34
 49.000       47
 49.020       54
 49.040       46
 49.060       51
 49.080       29
 49.100       52
 49.120       55
 49.140       46
 49.160       41
 49.180       39
 49.200       43
 49.220       42
 49.240       47
 49.260       48
 49.280       48
 49.300       42
 49.320       39
 49.340       43
 49.360       49
 49.380       51
 49.400       54
 49.420       44
 49.440       49
 49.460       44
 49.480       52
 49.500       55
 49.520       51
 49.540       52
 49.560       34
 49.580       50
 49.600       50
 49.620       52
 49.640       66
 49.660       59
 49.680       52
 49.700       51
 49.720       46
 49.740       56
 49.760       48
 49.780       52
 49.800       67
 49.820       65
 49.840       61
 49.860       57
 49.880       59
 49.900       64
 49.920       74
 49.940       69
 49.960       55
 49.980       60
 50.000       73
 50.020       67
 50.040       81
 50.060       76
 50.080       94
 50.100       97
 50.120      102
 50.140      104
 50.160       90
 50.180      103
 50.200      104
 50.220       78
 50.240      107
 50.260      111
 50.280       95
 50.300       79
 50.320       99
 50.340       82
 50.360       88
 50.380      107
 50.400       74
 50.420       82
 50.440       83
 50.460       83
 50.480       68
 50.500       91
 50.520       60
 50.540       78
 50.560       62
 50.580       62
 50.600       92
 50.620       53
 50.640       48
 50.660       63
 50.680       54
 50.700       53
 50.720       55
 50.740       62
 50.760       52
 50.780       58
 50.800       55
 50.820       44
 50.840       61
 50.860       44
 50.880       60
 50.900       59
 50.920       53
 50.940       61
 50.960       37
 50.980       62
 51.000       52
 51.020       48
 51.040       47
 51.060       46
 51.080       44
 51.100       34
 51.120       57
 51.140       51
 51.160       35
 51.180       50
 51.200       43
 51.220       54
 51.240       46
 51.260       38
 51.280       36
 51.300       46
 51.320       41
 51.340       45
 51.360       45
 51.380       34
 51.400       38
 51.420       41
 51.440       42
 51.460       46
 51.480       50
 51.500       55
 51.520       41
 51.540       47
 51.560       48
 51.580       33
 51.600       41
 51.620       35
 51.640       45
 51.660       48
 51.680       66
 51.700       56
 51.720       54
 51.740       44
 51.760       61
 51.780       48
 51.800       49
 51.820       42
 51.840       60
 51.860       44
 51.880       49
 51.900       44
 51.920       42
 51.940       59
 51.960       62
 51.980       43
 52.000       59
 52.020       62
 52.040       64
 52.060       60
 52.080       66
 52.100       59
 52.120       77
 52.140       94
 52.160       74
 52.180       79
 52.200       83
 52.220       95
 52.240       93
 52.260       98
 52.280       98
 52.300       94
 52.320       99
 52.340      112
 52.360      104
 52.380      111
 52.400      100
 52.420      114
 52.440       93
 52.460      120
 52.480      115
 52.500      102
 52.520      103
 52.540       97
 52.560       83
 52.580       99
 52.600       82
 52.620       97
 52.640       93
 52.660       81
 52.680       77
 52.700       80
 52.720       60
 52.740       54
 52.760       76
 52.780       69
 52.800       57
 52.820       58
 52.840       62
 52.860       58
 52.880       47
 52.900       47
 52.920       60
 52.940       58
 52.960       55
 52.980       45
 53.000       54
 53.020       44
 53.040       58
 53.060       45
 53.080       52
 53.100       39
 53.120       44
 53.140       30
 53.160       36
 53.180       45
 53.200       39
 53.220       29
 53.240       37
 53.260       32
 53.280       51
 53.300       34
 53.320       37
 53.340       30
 53.360       34
 53.380       42
 53.400       39
 53.420       44
 53.440       41
 53.460       48
 53.480       36
 53.500       24
 53.520       38
 53.540       38
 53.560       37
 53.580       34
 53.600       43
 53.620       48
 53.640       36
 53.660       23
 53.680       39
 53.700       36
 53.720       33
 53.740       36
 53.760       42
 53.780       45
 53.800       42
 53.820       36
 53.840       28
 53.860       30
 53.880       40
 53.900       30
 53.920       35
 53.940       28
 53.960       37
 53.980       31
 54.000       33
 54.020       47
 54.040       39
 54.060       25
 54.080       31
 54.100       37
 54.120       41
 54.140       35
 54.160       33
 54.180       32
 54.200       35
 54.220       34
 54.240       29
 54.260       39
 54.280       25
 54.300       37
 54.320       30
 54.340       30
 54.360       34
 54.380       32
 54.400       37
 54.420       38
 54.440       26
 54.460       32
 54.480       38
 54.500       30
 54.520       46
 54.540       39
 54.560       39
 54.580       39
 54.600       29
 54.620       43
 54.640       31
 54.660       42
 54.680       29
 54.700       34
 54.720       35
 54.740       40
 54.760       43
 54.780       37
 54.800       35
 54.820       34
 54.840       41
 54.860       35
 54.880       27
 54.900       36
 54.920       33
 54.940       24
 54.960       32
 54.980       37
 55.000       44
 55.020       37
 55.040       35
 55.060       37
 55.080       39
 55.100       33
 55.120       39
 55.140       36
 55.160       40
 55.180       46
 55.200       35
 55.220       29
 55.240       41
 55.260       34
 55.280       39
 55.300       37
 55.320       37
 55.340       29
 55.360       43
 55.380       31
 55.400       42
 55.420       36
 55.440       44
 55.460       40
 55.480       34
 55.500       35
 55.520       32
 55.540       39
 55.560       54
 55.580       29
 55.600       37
 55.620       40
 55.640       42
 55.660       35
 55.680       31
 55.700       40
 55.720       46
 55.740       63
 55.760       52
 55.780       39
 55.800       33
 55.820       44
 55.840       47
 55.860       47
 55.880       34
 55.900       34
 55.920       45
 55.940       46
 55.960       42
 55.980       43
 56.000       36
 56.020       43
 56.040       46
 56.060       43
 56.080       62
 56.100       52
 56.120       45
 56.140       46
 56.160       43
 56.180       55
 56.200       44
 56.220       33
 56.240       42
 56.260       56
 56.280       54
 56.300       59
 56.320       66
 56.340       58
 56.360       61
 56.380       60
 56.400       59
 56.420       51
 56.440       71
 56.460       73
 56.480       71
 56.500       58
 56.520       72
 56.540       72
 56.560       95
 56.580       78
 56.600       97
 56.620       64
 56.640       77
 56.660       77
 56.680       70
 56.700       88
 56.720       76
 56.740       84
 56.760       71
 56.780       79
 56.800       63
 56.820       66
 56.840       71
 56.860       45
 56.880       77
 56.900       73
 56.920       56
 56.940       76
 56.960       63
 56.980       57
 57.000       56
 57.020       65
 57.040       58
 57.060       53
 57.080       48
 57.100       49
 57.120       58
 57.140       50
 57.160       46
 57.180       55
 57.200       50
 57.220       47
 57.240       40
 57.260       41
 57.280       55
 57.300       38
 57.320       45
 57.340       43
 57.360       39
 57.380       48
 57.400       58
 57.420       38
 57.440       62
 57.460       44
 57.480       55
 57.500       41
 57.520       47
 57.540       36
 57.560       52
 57.580       48
 57.600       50
 57.620       44
 57.640       44
 57.660       49
 57.680       49
 57.700       40
 57.720       59
 57.740       63
 57.760       56
 57.780       42
 57.800       51
 57.820       60
 57.840       63
 57.860       58
 57.880       63
 57.900       74
 57.920       55
 57.940       68
 57.960       55
 57.980       59
 58.000       81
 58.020       72
 58.040       52
 58.060       76
 58.080       76
 58.100       69
 58.120       82
 58.140       80
 58.160       90
 58.180       76
 58.200       73
 58.220       90
 58.240       91
 58.260       92
 58.280       95
 58.300       99
 58.320      108
 58.340      118
 58.360      125
 58.380      129
 58.400      117
 58.420      127
 58.440      126
 58.460      154
 58.480      156
 58.500      169
 58.520      146
 58.540      190
 58.560      185
 58.580      200
 58.600      205
 58.620      232
 58.640      215
 58.660      222
 58.680      236
 58.700      198
 58.720      233
 58.740      218
 58.760      212
 58.780      199
 58.800      213
 58.820      214
 58.840      207
 58.860      209
 58.880      186
 58.900      180
 58.920      160
 58.940      155
 58.960      140
 58.980      139
 59.000      110
 59.020      114
 59.040      135
 59.060       90
 59.080      103
 59.100      117
 59.120      112
 59.140       91
 59.160      100
 59.180       91
 59.200       96
 59.220       77
 59.240       83
 59.260       84
 59.280       90
 59.300       64
 59.320       69
 59.340       63
 59.360       64
 59.380       64
 59.400       57
 59.420       63
 59.440       66
 59.460       46
 59.480       64
 59.500       66
 59.520       79
 59.540       67
 59.560       60
 59.580       54
 59.600       50
 59.620       49
 59.640       54
 59.660       65
 59.680       61
 59.700       61
 59.720       36
 59.740       70
 59.760       59
 59.780       76
 59.800       60
 59.820       62
 59.840       50
 59.860       55
 59.880       55
 59.900       61
 59.920       67
 59.940       56
 59.960       61
 59.980       74
 60.000       76
 60.020       47
 60.040       66
 60.060       60
 60.080       73
 60.100       66
 60.120       64
 60.140       60
 60.160       70
 60.180       83
 60.200       72
 60.220       69
 60.240       73
 60.260       80
 60.280       83
 60.300       82
 60.320       77
 60.340       86
 60.360       76
 60.380      109
 60.400       90
 60.420       79
 60.440      101
 60.460       91
 60.480      104
 60.500      104
 60.520      101
 60.540      113
 60.560      142
 60.580      131
 60.600      123
 60.620      114
 60.640      132
 60.660      114
 60.680      118
 60.700      141
 60.720      124
 60.740      124
 60.760      143
 60.780      144
 60.800      141
 60.820      117
 60.840      109
 60.860      116
 60.880      117
 60.900       91
 60.920       96
 60.940      108
 60.960       93
 60.980       90
 61.000       90
 61.020       85
 61.040       63
 61.060       95
 61.080       73
 61.100       70
 61.120       68
 61.140       69
 61.160       72
 61.180       73
 61.200       76
 61.220       72
 61.240       64
 61.260       59
 61.280       73
 61.300       61
 61.320       67
 61.340       55
 61.360       55
 61.380       64
 61.400       62
 61.420       60
 61.440       67
 61.460       59
 61.480       64
 61.500       54
 61.520       67
 61.540       58
 61.560       64
 61.580       63
 61.600       56
 61.620       67
 61.640       58
 61.660       64
 61.680       57
 61.700       60
 61.720       43
 61.740       79
 61.760       54
 61.780       59
 61.800       59
 61.820       57
 61.840       73
 61.860       60
 61.880       69
 61.900       71
 61.920       73
 61.940       65
 61.960       80
 61.980       72
 62.000       63
 62.020       69
 62.040       80
 62.060       76
 62.080       76
 62.100       91
 62.120       85
 62.140       90
 62.160       91
 62.180       80
 62.200       96
 62.220       98
 62.240      105
 62.260      100
 62.280      114
 62.300      119
 62.320       99
 62.340      117
 62.360      114
 62.380      129
 62.400      121
 62.420      140
 62.440      148
 62.460      127
 62.480      168
 62.500      136
 62.520      175
 62.540      166
 62.560      202
 62.580      186
 62.600      174
 62.620      183
 62.640      174
 62.660      214
 62.680      161
 62.700      179
 62.720      156
 62.740      154
 62.760      121
 62.780      149
 62.800      128
 62.820      144
 62.840      140
 62.860      133
 62.880      123
 62.900      112
 62.920      145
 62.940      112
 62.960       88
 62.980      115
 63.000      100
 63.020      101
 63.040      104
 63.060       97
 63.080       75
 63.100       80
 63.120       66
 63.140       96
 63.160       87
 63.180       79
 63.200       57
 63.220       77
 63.240       84
 63.260       74
 63.280       73
 63.300       79
 63.320       49
 63.340       69
 63.360       72
 63.380       66
 63.400       65
 63.420       55
 63.440       63
 63.460       50
 63.480       59
 63.500       52
 63.520       64
 63.540       61
 63.560       74
 63.580       62
 63.600       54
 63.620       67
 63.640       66
 63.660       55
 63.680       62
 63.700       61
 63.720       53
 63.740       67
 63.760       50
 63.780       62
 63.800       70
 63.820       60
 63.840       76
 63.860       63
 63.880       58
 63.900       59
 63.920       68
 63.940       61
 63.960       69
 63.980       85
 64.000       71
 64.020       64
 64.040       68
 64.060       75
 64.080       93
 64.100       84
 64.120       81
 64.140      101
 64.160      102
 64.180       87
 64.200      107
 64.220      112
 64.240       82
 64.260      106
 64.280      133
 64.300      132
 64.320      127
 64.340      129
 64.360      121
 64.380      168
 64.400      155
 64.420      176
 64.440      179
 64.460      180
 64.480      179
 64.500      171
 64.520      167
 64.540      184
 64.560      173
 64.580      169
 64.600      134
 64.620      162
 64.640      151
 64.660      145
 64.680      153
 64.700      166
 64.720      154
 64.740      149
 64.760      140
 64.780      126
 64.800      140
 64.820      127
 64.840      102
 64.860      114
 64.880       96
 64.900      115
 64.920      103
 64.940      101
 64.960      114
 64.980       78
 65.000       84
 65.020       87
 65.040       77
 65.060       63
 65.080       60
 65.100       61
 65.120       72
 65.140       60
 65.160       50
 65.180       62
 65.200       64
 65.220       65
 65.240       53
 65.260       68
 65.280       40
 65.300       62
 65.320       57
 65.340       54
 65.360       59
 65.380       56
 65.400       51
 65.420       47
 65.440       47
 65.460       35
 65.480       39
 65.500       43
 65.520       50
 65.540       34
 65.560       31
 65.580       39
 65.600       44
 65.620       53
 65.640       46
 65.660       49
 65.680       28
 65.700       40
 65.720       33
 65.740       34
 65.760       37
 65.780       38
 65.800       39
 65.820       37
 65.840       28
 65.860       42
 65.880       43
 65.900       40
 65.920       37
 65.940       51
 65.960       48
 65.980       41
 66.000       45
 66.020       43
 66.040       31
 66.060       39
 66.080       42
 66.100       32
 66.120       40
 66.140       43
 66.160       37
 66.180       26
 66.200       35
 66.220       42
 66.240       41
 66.260       39
 66.280       43
 66.300       43
 66.320       49
 66.340       40
 66.360       29
 66.380       44
 66.400       38
 66.420       41
 66.440       39
 66.460       44
 66.480       45
 66.500       40
 66.520       41
 66.540       45
 66.560       42
 66.580       46
 66.600       43
 66.620       50
 66.640       41
 66.660       38
 66.680       42
 66.700       40
 66.720       38
 66.740       49
 66.760       26
 66.780       39
 66.800       35
 66.820       43
 66.840       42
 66.860       47
 66.880       36
 66.900       33
 66.920       49
 66.940       37
 66.960       28
 66.980       34
 67.000       48
 67.020       39
 67.040       38
 67.060       40
 67.080       33
 67.100       40
 67.120       42
 67.140       31
 67.160       32
 67.180       24
 67.200       40
 67.220       44
 67.240       34
 67.260       31
 67.280       52
 67.300       42
 67.320       35
 67.340       40
 67.360       35
 67.380       43
 67.400       50
 67.420       45
 67.440       46
 67.460       37
 67.480       35
 67.500       43
 67.520       47
 67.540       49
 67.560       38
 67.580       49
 67.600       43
 67.620       41
 67.640       47
 67.660       41
 67.680       50
 67.700       45
 67.720       45
 67.740       35
 67.760       49
 67.780       48
 67.800       36
 67.820       52
 67.840       44
 67.860       51
 67.880       51
 67.900       51
 67.920       47
 67.940       65
 67.960       67
 67.980       44
 68.000       61
 68.020       66
 68.040       63
 68.060       75
 68.080       69
 68.100       66
 68.120       58
 68.140       65
 68.160       71
 68.180       83
 68.200       83
 68.220       85
 68.240       89
 68.260       78
 68.280       93
 68.300       72
 68.320       78
 68.340       95
 68.360       82
 68.380       82
 68.400       93
 68.420       92
 68.440       84
 68.460       77
 68.480       75
 68.500       66
 68.520       59
 68.540       72
 68.560       73
 68.580       71
 68.600       69
 68.620       75
 68.640       65
 68.660       73
 68.680       59
 68.700       63
 68.720       53
 68.740       43
 68.760       56
 68.780       54
 68.800       62
 68.820       49
 68.840       47
 68.860       56
 68.880       44
 68.900       55
 68.920       56
 68.940       47
 68.960       45
 68.980       57
 69.000       42
 69.020       39
 69.040       42
 69.060       56
 69.080       58
 69.100       47
 69.120       43
 69.140       56
 69.160       56
 69.180       43
 69.200       43
 69.220       43
 69.240       42
 69.260       30
 69.280       39
 69.300       48
 69.320       53
 69.340       55
 69.360       49
 69.380       36
 69.400       38
 69.420       45
 69.440       56
 69.460       56
 69.480       51
 69.500       51
 69.520       45
 69.540       46
 69.560       49
 69.580       53
 69.600       47
 69.620       55
 69.640       52
 69.660       71
 69.680       69
 69.700       56
 69.720       65
 69.740       57
 69.760       59
 69.780       74
 69.800       53
 69.820       70
 69.840       62
 69.860       68
 69.880       73
 69.900       76
 69.920       93
 69.940       95
 69.960       78
 69.980       73
 70.000       97
 70.020       94
 70.040       87
 70.060      105
 70.080      105
 70.100       89
 70.120       87
 70.140       95
 70.160       77
 70.180       95
 70.200       90
 70.220       76
 70.240       88
 70.260       92
 70.280       76
 70.300       82
 70.320       89
 70.340       81
 70.360       63
 70.380       73
 70.400      103
 70.420       68
 70.440       67
 70.460       70
 70.480       65
 70.500       49
 70.520       62
 70.540       70
 70.560       69
 70.580       53
 70.600       56
 70.620       64
 70.640       48
 70.660       55
 70.680       44
 70.700       49
 70.720       53
 70.740       48
 70.760       38
 70.780       46
 70.800       48
 70.820       54
 70.840       40
 70.860       64
 70.880       49
 70.900       50
 70.920       33
 70.940       48
 70.960       40
 70.980       53
 71.000       36
 71.020       52
 71.040       43
 71.060       31
 71.080       48
 71.100       38
 71.120       55
 71.140       50
 71.160       47
 71.180       51
 71.200       49
 71.220       45
 71.240       52
 71.260       38
 71.280       42
 71.300       47
 71.320       47
 71.340       46
 71.360       48
 71.380       63
 71.400       50
 71.420       44
 71.440       50
 71.460       57
 71.480       59
 71.500       48
 71.520       46
 71.540       47
 71.560       58
 71.580       60
 71.600       54
 71.620       66
 71.640       69
 71.660       80
 71.680       64
 71.700       64
 71.720       73
 71.740       74
 71.760       79
 71.780       61
 71.800       74
 71.820       75
 71.840       79
 71.860       88
 71.880       78
 71.900       71
 71.920       82
 71.940       78
 71.960       79
 71.980       83
 72.000       80
 72.020       84
 72.040       69
 72.060       85
 72.080       85
 72.100       79
 72.120       80
 72.140       80
 72.160       75
 72.180       68
 72.200       67
 72.220       58
 72.240       72
 72.260       49
 72.280       71
 72.300       55
 72.320       57
 72.340       68
 72.360       54
 72.380       52
 72.400       50
 72.420       55
 72.440       55
 72.460       53
 72.480       46
 72.500       55
 72.520       64
 72.540       47
 72.560       52
 72.580       48
 72.600       44
 72.620       64
 72.640       43
 72.660       43
 72.680       34
 72.700       43
 72.720       28
 72.740       43
 72.760       36
 72.780       46
 72.800       34
 72.820       45
 72.840       37
 72.860       51
 72.880       55
 72.900       36
 72.920       47
 72.940       50
 72.960       42
 72.980       56
 73.000       42
 73.020       44
 73.040       43
 73.060       50
 73.080       52
 73.100       43
 73.120       44
 73.140       44
 73.160       55
 73.180       54
 73.200       45
 73.220       51
 73.240       40
 73.260       52
 73.280       42
 73.300       42
 73.320       40
 73.340       51
 73.360       46
 73.380       47
 73.400       54
 73.420       47
 73.440       48
 73.460       60
 73.480       52
 73.500       47
 73.520       66
 73.540       59
 73.560       51
 73.580       61
 73.600       60
 73.620       52
 73.640       72
 73.660       66
 73.680       64
 73.700       67
 73.720       83
 73.740       69
 73.760       79
 73.780       66
 73.800       69
 73.820       54
 73.840       68
 73.860       75
 73.880       56
 73.900       56
 73.920       55
 73.940       78
 73.960       48
 73.980       64
 74.000       61
 74.020       49
 74.040       51
 74.060       58
 74.080       43
 74.100       54
 74.120       54
 74.140       57
 74.160       49
 74.180       39
 74.200       45
 74.220       41
 74.240       35
 74.260       55
 74.280       52
 74.300       38
 74.320       50
 74.340       42
 74.360       39
 74.380       44
 74.400       36
 74.420       39
 74.440       48
 74.460       36
 74.480       25
 74.500       35
 74.520       33
 74.540       34
 74.560       36
 74.580       38
 74.600       26
 74.620       41
 74.640       45
 74.660       40
 74.680       27
 74.700       31
 74.720       33
 74.740       33
 74.760       28
 74.780       27
 74.800       21
 74.820       38
 74.840       41
 74.860       29
 74.880       34
 74.900       32
 74.920       39
 74.940       35
 74.960       38
 74.980       30
 75.000       32
 75.020       39
 75.040       23
 75.060       31
 75.080       40
 75.100       39
 75.120       26
 75.140       26
 75.160       21
 75.180       38
 75.200       38
 75.220       21
 75.240       33
 75.260       30
 75.280       35
 75.300       27
 75.320       24
 75.340       41
 75.360       32
 75.380       33
 75.400       30
 75.420       25
 75.440       28
 75.460       34
 75.480       38
 75.500       31
 75.520       31
 75.540       42
 75.560       38
 75.580       33
 75.600       33
 75.620       39
 75.640       32
 75.660       33
 75.680       35
 75.700       33
 75.720       34
 75.740       29
 75.760       29
 75.780       33
 75.800       34
 75.820       26
 75.840       35
 75.860       28
 75.880       36
 75.900       28
 75.920       31
 75.940       33
 75.960       33
 75.980       27
 76.000       24
 76.020       31
 76.040       35
 76.060       38
 76.080       28
 76.100       32
 76.120       35
 76.140       18
 76.160       44
 76.180       35
 76.200       38
 76.220       25
 76.240       31
 76.260       34
 76.280       33
 76.300       32
 76.320       33
 76.340       35
 76.360       34
 76.380       36
 76.400       30
 76.420       28
 76.440       34
 76.460       32
 76.480       26
 76.500       30
 76.520       25
 76.540       22
 76.560       35
 76.580       27
 76.600       23
 76.620       30
 76.640       37
 76.660       38
 76.680       27
 76.700       33
 76.720       22
 76.740       29
 76.760       31
 76.780       27
 76.800       28
 76.820       29
 76.840       31
 76.860       37
 76.880       33
 76.900       30
 76.920       24
 76.940       31
 76.960       32
 76.980       26
 77.000       41
 77.020       34
 77.040       39
 77.060       33
 77.080       38
 77.100       48
 77.120       39
 77.140       34
 77.160       30
 77.180       43
 77.200       38
 77.220       41
 77.240       34
 77.260       37
 77.280       39
 77.300       41
 77.320       33
 77.340       50
 77.360       36
 77.380       26
 77.400       36
 77.420       39
 77.440       43
 77.460       41
 77.480       38
 77.500       33
 77.520       50
 77.540       38
 77.560       35
 77.580       40
 77.600       36
 77.620       43
 77.640       45
 77.660       35
 77.680       35
 77.700       41
 77.720       37
 77.740       30
 77.760       43
 77.780       41
 77.800       39
 77.820       29
 77.840       32
 77.860       52
 77.880       30
 77.900       51
 77.920       45
 77.940       45
 77.960       32
 77.980       41
 78.000       56
 78.020       47
 78.040       46
 78.060       45
 78.080       39
 78.100       34
 78.120       42
 78.140       50
 78.160       37
 78.180       38
 78.200       50
 78.220       52
 78.240       49
 78.260       47
 78.280       51
 78.300       53
 78.320       63
 78.340       60
 78.360       59
 78.380       55
 78.400       66
 78.420       53
 78.440       53
 78.460       61
 78.480       55
 78.500       53
 78.520       59
 78.540       80
 78.560       68
 78.580       63
 78.600       55
 78.620       73
 78.640       90
 78.660       86
 78.680       77
 78.700       83
 78.720       78
 78.740       96
 78.760      117
 78.780       81
 78.800       93
 78.820      116
 78.840      101
 78.860      104
 78.880      102
 78.900      112
 78.920      103
 78.940      124
 78.960      132
 78.980      130
 79.000      118
 79.020      144
 79.040      127
 79.060      118
 79.080      117
 79.100      146
 79.120      121
 79.140      157
 79.160      124
 79.180      127
 79.200      120
 79.220      136
 79.240      123
 79.260      142
 79.280      108
 79.300      103
 79.320      121
 79.340      117
 79.360      104
 79.380       99
 79.400       88
 79.420       84
 79.440       93
 79.460       91
 79.480       82
 79.500       72
 79.520       87
 79.540       65
 79.560       66
 79.580       64
 79.600       72
 79.620       53
 79.640       64
 79.660       65
 79.680       55
 79.700       72
 79.720       51
 79.740       45
 79.760       50
 79.780       42
 79.800       46
 79.820       45
 79.840       43
 79.860       39
 79.880       31
 79.900       49
 79.920       53
 79.940       50
 79.960       55
 79.980       45
 80.000       33

