5.00000 87.000
5.02000 94.000
5.04000 77.000
5.06000 88.000
5.08000 71.000
5.10000 87.000
5.12000 88.000
5.14000 90.000
5.16000 76.000
5.18000 87.000
5.20000 87.000
5.22000 87.000
5.24000 85.000
5.26000 74.000
5.28000 71.000
5.30000 81.000
5.32000 81.000
5.34000 73.000
5.36000 72.000
5.38000 75.000
5.40000 74.000
5.42000 108.000
5.44000 74.000
5.46000 72.000
5.48000 83.000
5.50000 75.000
5.52000 72.000
5.54000 83.000
5.56000 77.000
5.58000 71.000
5.60000 80.000
5.62000 85.000
5.64000 88.000
5.66000 69.000
5.68000 71.000
5.70000 77.000
5.72000 70.000
5.74000 82.000
5.76000 70.000
5.78000 57.000
5.80000 54.000
5.82000 77.000
5.84000 73.000
5.86000 74.000
5.88000 70.000
5.90000 72.000
5.92000 67.000
5.94000 67.000
5.96000 74.000
5.98000 66.000
6.00000 80.000
6.02000 81.000
6.04000 77.000
6.06000 59.000
6.08000 76.000
6.10000 77.000
6.12000 82.000
6.14000 74.000
6.16000 71.000
6.18000 73.000
6.20000 74.000
6.22000 87.000
6.24000 61.000
6.26000 61.000
6.28000 55.000
6.30000 77.000
6.32000 70.000
6.34000 66.000
6.36000 65.000
6.38000 74.000
6.40000 81.000
6.42000 66.000
6.44000 54.000
6.46000 77.000
6.48000 61.000
6.50000 62.000
6.52000 72.000
6.54000 55.000
6.56000 87.000
6.58000 58.000
6.60000 60.000
6.62000 61.000
6.64000 73.000
6.66000 58.000
6.68000 66.000
6.70000 62.000
6.72000 56.000
6.74000 57.000
6.76000 76.000
6.78000 72.000
6.80000 70.000
6.82000 48.000
6.84000 58.000
6.86000 64.000
6.88000 73.000
6.90000 68.000
6.92000 74.000
6.94000 64.000
6.96000 64.000
6.98000 64.000
7.00000 69.000
7.02000 76.000
7.04000 61.000
7.06000 59.000
7.08000 64.000
7.10000 66.000
7.12000 60.000
7.14000 57.000
7.16000 64.000
7.18000 60.000
7.20000 69.000
7.22000 63.000
7.24000 58.000
7.26000 67.000
7.28000 72.000
7.30000 66.000
7.32000 68.000
7.34000 54.000
7.36000 50.000
7.38000 51.000
7.40000 69.000
7.42000 59.000
7.44000 62.000
7.46000 55.000
7.48000 69.000
7.50000 75.000
7.52000 76.000
7.54000 65.000
7.56000 52.000
7.58000 52.000
7.60000 65.000
7.62000 60.000
7.64000 75.000
7.66000 55.000
7.68000 52.000
7.70000 45.000
7.72000 58.000
7.74000 57.000
7.76000 65.000
7.78000 66.000
7.80000 59.000
7.82000 49.000
7.84000 66.000
7.86000 69.000
7.88000 48.000
7.90000 53.000
7.92000 68.000
7.94000 71.000
7.96000 59.000
7.98000 74.000
8.00000 58.000
8.02000 61.000
8.04000 74.000
8.06000 81.000
8.08000 68.000
8.10000 68.000
8.12000 73.000
8.14000 86.000
8.16000 76.000
8.18000 53.000
8.20000 74.000
8.22000 64.000
8.24000 57.000
8.26000 55.000
8.28000 56.000
8.30000 50.000
8.32000 70.000
8.34000 67.000
8.36000 62.000
8.38000 79.000
8.40000 68.000
8.42000 67.000
8.44000 83.000
8.46000 69.000
8.48000 60.000
8.50000 64.000
8.52000 68.000
8.54000 55.000
8.56000 57.000
8.58000 51.000
8.60000 58.000
8.62000 54.000
8.64000 55.000
8.66000 55.000
8.68000 49.000
8.70000 62.000
8.72000 58.000
8.74000 60.000
8.76000 63.000
8.78000 59.000
8.80000 58.000
8.82000 73.000
8.84000 62.000
8.86000 62.000
8.88000 61.000
8.90000 59.000
8.92000 55.000
8.94000 62.000
8.96000 68.000
8.98000 52.000
9.00000 58.000
9.02000 51.000
9.04000 53.000
9.06000 64.000
9.08000 54.000
9.10000 57.000
9.12000 71.000
9.14000 59.000
9.16000 56.000
9.18000 67.000
9.20000 50.000
9.22000 62.000
9.24000 78.000
9.26000 56.000
9.28000 63.000
9.30000 61.000
9.32000 48.000
9.34000 57.000
9.36000 52.000
9.38000 62.000
9.40000 49.000
9.42000 67.000
9.44000 57.000
9.46000 60.000
9.48000 62.000
9.50000 57.000
9.52000 59.000
9.54000 61.000
9.56000 52.000
9.58000 52.000
9.60000 48.000
9.62000 71.000
9.64000 45.000
9.66000 63.000
9.68000 66.000
9.70000 58.000
9.72000 51.000
9.74000 48.000
9.76000 72.000
9.78000 51.000
9.80000 62.000
9.82000 61.000
9.84000 75.000
9.86000 48.000
9.88000 62.000
9.90000 64.000
9.92000 62.000
9.94000 54.000
9.96000 64.000
9.98000 62.000
10.00000 51.000
10.02000 62.000
10.04000 56.000
10.06000 59.000
10.08000 53.000
10.10000 53.000
10.12000 52.000
10.14000 67.000
10.16000 55.000
10.18000 57.000
10.20000 70.000
10.22000 56.000
10.24000 64.000
10.26000 56.000
10.28000 76.000
10.30000 81.000
10.32000 41.000
10.34000 56.000
10.36000 65.000
10.38000 55.000
10.40000 55.000
10.42000 74.000
10.44000 65.000
10.46000 46.000
10.48000 56.000
10.50000 70.000
10.52000 52.000
10.54000 53.000
10.56000 71.000
10.58000 63.000
10.60000 67.000
10.62000 70.000
10.64000 59.000
10.66000 57.000
10.68000 68.000
10.70000 69.000
10.72000 50.000
10.74000 52.000
10.76000 74.000
10.78000 57.000
10.80000 64.000
10.82000 57.000
10.84000 56.000
10.86000 48.000
10.88000 73.000
10.90000 53.000
10.92000 63.000
10.94000 59.000
10.96000 64.000
10.98000 62.000
11.00000 58.000
11.02000 63.000
11.04000 65.000
11.06000 58.000
11.08000 55.000
11.10000 52.000
11.12000 60.000
11.14000 71.000
11.16000 65.000
11.18000 62.000
11.20000 78.000
11.22000 63.000
11.24000 65.000
11.26000 74.000
11.28000 66.000
11.30000 59.000
11.32000 61.000
11.34000 59.000
11.36000 62.000
11.38000 71.000
11.40000 54.000
11.42000 79.000
11.44000 60.000
11.46000 66.000
11.48000 67.000
11.50000 60.000
11.52000 52.000
11.54000 65.000
11.56000 67.000
11.58000 56.000
11.60000 46.000
11.62000 71.000
11.64000 69.000
11.66000 65.000
11.68000 62.000
11.70000 66.000
11.72000 73.000
11.74000 69.000
11.76000 73.000
11.78000 66.000
11.80000 65.000
11.82000 67.000
11.84000 83.000
11.86000 73.000
11.88000 71.000
11.90000 72.000
11.92000 64.000
11.94000 62.000
11.96000 75.000
11.98000 68.000
12.00000 57.000
12.02000 69.000
12.04000 48.000
12.06000 80.000
12.08000 55.000
12.10000 79.000
12.12000 68.000
12.14000 58.000
12.16000 62.000
12.18000 54.000
12.20000 65.000
12.22000 60.000
12.24000 67.000
12.26000 81.000
12.28000 66.000
12.30000 81.000
12.32000 73.000
12.34000 76.000
12.36000 62.000
12.38000 61.000
12.40000 52.000
12.42000 68.000
12.44000 79.000
12.46000 74.000
12.48000 77.000
12.50000 74.000
12.52000 87.000
12.54000 72.000
12.56000 84.000
12.58000 66.000
12.60000 91.000
12.62000 90.000
12.64000 72.000
12.66000 84.000
12.68000 74.000
12.70000 67.000
12.72000 92.000
12.74000 84.000
12.76000 63.000
12.78000 85.000
12.80000 69.000
12.82000 90.000
12.84000 89.000
12.86000 89.000
12.88000 94.000
12.90000 92.000
12.92000 92.000
12.94000 87.000
12.96000 95.000
12.98000 95.000
13.00000 105.000
13.02000 93.000
13.04000 84.000
13.06000 123.000
13.08000 103.000
13.10000 110.000
13.12000 106.000
13.14000 117.000
13.16000 107.000
13.18000 109.000
13.20000 107.000
13.22000 118.000
13.24000 126.000
13.26000 111.000
13.28000 133.000
13.30000 127.000
13.32000 124.000
13.34000 127.000
13.36000 136.000
13.38000 138.000
13.40000 161.000
13.42000 135.000
13.44000 152.000
13.46000 162.000
13.48000 177.000
13.50000 155.000
13.52000 171.000
13.54000 159.000
13.56000 187.000
13.58000 200.000
13.60000 224.000
13.62000 189.000
13.64000 224.000
13.66000 231.000
13.68000 223.000
13.70000 258.000
13.72000 267.000
13.74000 272.000
13.76000 305.000
13.78000 343.000
13.80000 354.000
13.82000 382.000
13.84000 359.000
13.86000 430.000
13.88000 417.000
13.90000 499.000
13.92000 448.000
13.94000 440.000
13.96000 445.000
13.98000 419.000
14.00000 414.000
14.02000 416.000
14.04000 371.000
14.06000 369.000
14.08000 325.000
14.10000 304.000
14.12000 287.000
14.14000 241.000
14.16000 268.000
14.18000 235.000
14.20000 229.000
14.22000 195.000
14.24000 231.000
14.26000 173.000
14.28000 167.000
14.30000 164.000
14.32000 152.000
14.34000 127.000
14.36000 139.000
14.38000 123.000
14.40000 109.000
14.42000 124.000
14.44000 139.000
14.46000 95.000
14.48000 103.000
14.50000 93.000
14.52000 104.000
14.54000 108.000
14.56000 97.000
14.58000 100.000
14.60000 98.000
14.62000 86.000
14.64000 101.000
14.66000 86.000
14.68000 93.000
14.70000 87.000
14.72000 91.000
14.74000 93.000
14.76000 76.000
14.78000 84.000
14.80000 80.000
14.82000 69.000
14.84000 78.000
14.86000 88.000
14.88000 80.000
14.90000 74.000
14.92000 67.000
14.94000 75.000
14.96000 72.000
14.98000 74.000
15.00000 55.000
15.02000 73.000
15.04000 83.000
15.06000 76.000
15.08000 81.000
15.10000 54.000
15.12000 85.000
15.14000 68.000
15.16000 76.000
15.18000 49.000
15.20000 78.000
15.22000 88.000
15.24000 59.000
15.26000 70.000
15.28000 66.000
15.30000 50.000
15.32000 84.000
15.34000 80.000
15.36000 87.000
15.38000 91.000
15.40000 73.000
15.42000 61.000
15.44000 77.000
15.46000 56.000
15.48000 63.000
15.50000 67.000
15.52000 68.000
15.54000 72.000
15.56000 67.000
15.58000 54.000
15.60000 73.000
15.62000 80.000
15.64000 56.000
15.66000 53.000
15.68000 68.000
15.70000 59.000
15.72000 68.000
15.74000 64.000
15.76000 81.000
15.78000 60.000
15.80000 61.000
15.82000 68.000
15.84000 69.000
15.86000 67.000
15.88000 44.000
15.90000 62.000
15.92000 68.000
15.94000 65.000
15.96000 56.000
15.98000 52.000
16.00000 64.000
16.02000 49.000
16.04000 67.000
16.06000 75.000
16.08000 57.000
16.10000 55.000
16.12000 62.000
16.14000 59.000
16.16000 51.000
16.18000 67.000
16.20000 56.000
16.22000 55.000
16.24000 62.000
16.26000 70.000
16.28000 62.000
16.30000 68.000
16.32000 57.000
16.34000 64.000
16.36000 61.000
16.38000 63.000
16.40000 59.000
16.42000 65.000
16.44000 58.000
16.46000 57.000
16.48000 74.000
16.50000 64.000
16.52000 80.000
16.54000 71.000
16.56000 81.000
16.58000 55.000
16.60000 81.000
16.62000 63.000
16.64000 74.000
16.66000 55.000
16.68000 61.000
16.70000 62.000
16.72000 62.000
16.74000 57.000
16.76000 61.000
16.78000 70.000
16.80000 54.000
16.82000 61.000
16.84000 66.000
16.86000 75.000
16.88000 69.000
16.90000 61.000
16.92000 59.000
16.94000 75.000
16.96000 64.000
16.98000 51.000
17.00000 65.000
17.02000 63.000
17.04000 52.000
17.06000 68.000
17.08000 75.000
17.10000 54.000
17.12000 61.000
17.14000 64.000
17.16000 64.000
17.18000 61.000
17.20000 65.000
17.22000 68.000
17.24000 67.000
17.26000 57.000
17.28000 58.000
17.30000 73.000
17.32000 66.000
17.34000 66.000
17.36000 70.000
17.38000 60.000
17.40000 67.000
17.42000 76.000
17.44000 65.000
17.46000 66.000
17.48000 59.000
17.50000 58.000
17.52000 64.000
17.54000 62.000
17.56000 70.000
17.58000 51.000
17.60000 80.000
17.62000 69.000
17.64000 68.000
17.66000 62.000
17.68000 62.000
17.70000 59.000
17.72000 62.000
17.74000 54.000
17.76000 75.000
17.78000 75.000
17.80000 68.000
17.82000 56.000
17.84000 61.000
17.86000 61.000
17.88000 59.000
17.90000 62.000
17.92000 65.000
17.94000 49.000
17.96000 68.000
17.98000 59.000
18.00000 73.000
18.02000 53.000
18.04000 66.000
18.06000 59.000
18.08000 59.000
18.10000 62.000
18.12000 63.000
18.14000 64.000
18.16000 55.000
18.18000 62.000
18.20000 67.000
18.22000 54.000
18.24000 73.000
18.26000 62.000
18.28000 69.000
18.30000 66.000
18.32000 66.000
18.34000 74.000
18.36000 77.000
18.38000 64.000
18.40000 76.000
18.42000 69.000
18.44000 56.000
18.46000 64.000
18.48000 77.000
18.50000 65.000
18.52000 70.000
18.54000 56.000
18.56000 69.000
18.58000 68.000
18.60000 57.000
18.62000 79.000
18.64000 84.000
18.66000 47.000
18.68000 82.000
18.70000 64.000
18.72000 64.000
18.74000 57.000
18.76000 68.000
18.78000 56.000
18.80000 71.000
18.82000 80.000
18.84000 66.000
18.86000 75.000
18.88000 79.000
18.90000 69.000
18.92000 68.000
18.94000 60.000
18.96000 74.000
18.98000 64.000
19.00000 76.000
19.02000 73.000
19.04000 69.000
19.06000 59.000
19.08000 81.000
19.10000 82.000
19.12000 68.000
19.14000 70.000
19.16000 74.000
19.18000 78.000
19.20000 85.000
19.22000 72.000
19.24000 72.000
19.26000 66.000
19.28000 80.000
19.30000 89.000
19.32000 66.000
19.34000 84.000
19.36000 83.000
19.38000 89.000
19.40000 85.000
19.42000 74.000
19.44000 72.000
19.46000 85.000
19.48000 84.000
19.50000 98.000
19.52000 93.000
19.54000 93.000
19.56000 87.000
19.58000 96.000
19.60000 80.000
19.62000 83.000
19.64000 86.000
19.66000 96.000
19.68000 100.000
19.70000 77.000
19.72000 108.000
19.74000 89.000
19.76000 103.000
19.78000 100.000
19.80000 108.000
19.82000 106.000
19.84000 106.000
19.86000 85.000
19.88000 106.000
19.90000 102.000
19.92000 106.000
19.94000 81.000
19.96000 99.000
19.98000 102.000
20.00000 93.000
20.02000 93.000
20.04000 93.000
20.06000 86.000
20.08000 79.000
20.10000 103.000
20.12000 82.000
20.14000 80.000
20.16000 91.000
20.18000 91.000
20.20000 93.000
20.22000 80.000
20.24000 88.000
20.26000 77.000
20.28000 67.000
20.30000 58.000
20.32000 67.000
20.34000 83.000
20.36000 67.000
20.38000 69.000
20.40000 59.000
20.42000 83.000
20.44000 60.000
20.46000 83.000
20.48000 63.000
20.50000 80.000
20.52000 86.000
20.54000 80.000
20.56000 82.000
20.58000 74.000
20.60000 68.000
20.62000 99.000
20.64000 71.000
20.66000 76.000
20.68000 70.000
20.70000 77.000
20.72000 78.000
20.74000 65.000
20.76000 68.000
20.78000 63.000
20.80000 81.000
20.82000 88.000
20.84000 75.000
20.86000 84.000
20.88000 76.000
20.90000 76.000
20.92000 97.000
20.94000 78.000
20.96000 91.000
20.98000 95.000
21.00000 70.000
21.02000 90.000
21.04000 67.000
21.06000 75.000
21.08000 60.000
21.10000 75.000
21.12000 78.000
21.14000 80.000
21.16000 79.000
21.18000 84.000
21.20000 89.000
21.22000 73.000
21.24000 73.000
21.26000 82.000
21.28000 72.000
21.30000 73.000
21.32000 88.000
21.34000 78.000
21.36000 87.000
21.38000 83.000
21.40000 92.000
21.42000 90.000
21.44000 90.000
21.46000 87.000
21.48000 90.000
21.50000 90.000
21.52000 80.000
21.54000 82.000
21.56000 82.000
21.58000 96.000
21.60000 77.000
21.62000 96.000
21.64000 92.000
21.66000 92.000
21.68000 105.000
21.70000 96.000
21.72000 73.000
21.74000 98.000
21.76000 97.000
21.78000 86.000
21.80000 77.000
21.82000 83.000
21.84000 88.000
21.86000 96.000
21.88000 95.000
21.90000 89.000
21.92000 97.000
21.94000 95.000
21.96000 83.000
21.98000 100.000
22.00000 107.000
22.02000 83.000
22.04000 96.000
22.06000 100.000
22.08000 95.000
22.10000 98.000
22.12000 97.000
22.14000 112.000
22.16000 83.000
22.18000 97.000
22.20000 93.000
22.22000 83.000
22.24000 98.000
22.26000 104.000
22.28000 95.000
22.30000 102.000
22.32000 95.000
22.34000 100.000
22.36000 91.000
22.38000 98.000
22.40000 95.000
22.42000 101.000
22.44000 89.000
22.46000 121.000
22.48000 99.000
22.50000 73.000
22.52000 114.000
22.54000 113.000
22.56000 114.000
22.58000 97.000
22.60000 111.000
22.62000 86.000
22.64000 110.000
22.66000 105.000
22.68000 118.000
22.70000 96.000
22.72000 97.000
22.74000 84.000
22.76000 105.000
22.78000 111.000
22.80000 113.000
22.82000 117.000
22.84000 121.000
22.86000 117.000
22.88000 108.000
22.90000 145.000
22.92000 139.000
22.94000 145.000
22.96000 127.000
22.98000 127.000
23.00000 128.000
23.02000 125.000
23.04000 109.000
23.06000 118.000
23.08000 130.000
23.10000 138.000
23.12000 153.000
23.14000 117.000
23.16000 139.000
23.18000 140.000
23.20000 155.000
23.22000 157.000
23.24000 158.000
23.26000 152.000
23.28000 166.000
23.30000 148.000
23.32000 157.000
23.34000 171.000
23.36000 180.000
23.38000 153.000
23.40000 195.000
23.42000 172.000
23.44000 201.000
23.46000 173.000
23.48000 217.000
23.50000 223.000
23.52000 211.000
23.54000 211.000
23.56000 235.000
23.58000 246.000
23.60000 204.000
23.62000 227.000
23.64000 240.000
23.66000 256.000
23.68000 256.000
23.70000 265.000
23.72000 268.000
23.74000 286.000
23.76000 300.000
23.78000 342.000
23.80000 324.000
23.82000 320.000
23.84000 336.000
23.86000 349.000
23.88000 338.000
23.90000 372.000
23.92000 376.000
23.94000 404.000
23.96000 384.000
23.98000 429.000
24.00000 478.000
24.02000 452.000
24.04000 450.000
24.06000 498.000
24.08000 511.000
24.10000 497.000
24.12000 546.000
24.14000 598.000
24.16000 590.000
24.18000 562.000
24.20000 575.000
24.22000 635.000
24.24000 598.000
24.26000 621.000
24.28000 650.000
24.30000 660.000
24.32000 627.000
24.34000 628.000
24.36000 654.000
24.38000 669.000
24.40000 653.000
24.42000 667.000
24.44000 662.000
24.46000 620.000
24.48000 612.000
24.50000 597.000
24.52000 550.000
24.54000 512.000
24.56000 495.000
24.58000 458.000
24.60000 494.000
24.62000 400.000
24.64000 373.000
24.66000 379.000
24.68000 327.000
24.70000 308.000
24.72000 334.000
24.74000 255.000
24.76000 271.000
24.78000 277.000
24.80000 220.000
24.82000 231.000
24.84000 242.000
24.86000 224.000
24.88000 223.000
24.90000 216.000
24.92000 219.000
24.94000 196.000
24.96000 199.000
24.98000 180.000
25.00000 196.000
25.02000 170.000
25.04000 157.000
25.06000 150.000
25.08000 137.000
25.10000 164.000
25.12000 174.000
25.14000 159.000
25.16000 177.000
25.18000 171.000
25.20000 135.000
25.22000 163.000
25.24000 144.000
25.26000 165.000
25.28000 148.000
25.30000 153.000
25.32000 133.000
25.34000 158.000
25.36000 158.000
25.38000 146.000
25.40000 126.000
25.42000 128.000
25.44000 121.000
25.46000 135.000
25.48000 145.000
25.50000 132.000
25.52000 145.000
25.54000 141.000
25.56000 147.000
25.58000 137.000
25.60000 129.000
25.62000 151.000
25.64000 161.000
25.66000 126.000
25.68000 140.000
25.70000 118.000
25.72000 138.000
25.74000 150.000
25.76000 139.000
25.78000 129.000
25.80000 126.000
25.82000 130.000
25.84000 124.000
25.86000 150.000
25.88000 135.000
25.90000 119.000
25.92000 127.000
25.94000 131.000
25.96000 132.000
25.98000 127.000
26.00000 118.000
26.02000 128.000
26.04000 135.000
26.06000 135.000
26.08000 119.000
26.10000 135.000
26.12000 107.000
26.14000 134.000
26.16000 110.000
26.18000 130.000
26.20000 123.000
26.22000 113.000
26.24000 118.000
26.26000 123.000
26.28000 133.000
26.30000 127.000
26.32000 101.000
26.34000 132.000
26.36000 114.000
26.38000 133.000
26.40000 132.000
26.42000 150.000
26.44000 139.000
26.46000 121.000
26.48000 119.000
26.50000 129.000
26.52000 122.000
26.54000 122.000
26.56000 116.000
26.58000 135.000
26.60000 128.000
26.62000 145.000
26.64000 121.000
26.66000 142.000
26.68000 123.000
26.70000 130.000
26.72000 125.000
26.74000 119.000
26.76000 135.000
26.78000 112.000
26.80000 138.000
26.82000 122.000
26.84000 106.000
26.86000 135.000
26.88000 139.000
26.90000 131.000
26.92000 92.000
26.94000 122.000
26.96000 122.000
26.98000 121.000
27.00000 143.000
27.02000 123.000
27.04000 114.000
27.06000 154.000
27.08000 147.000
27.10000 114.000
27.12000 123.000
27.14000 132.000
27.16000 108.000
27.18000 129.000
27.20000 144.000
27.22000 123.000
27.24000 133.000
27.26000 136.000
27.28000 129.000
27.30000 138.000
27.32000 133.000
27.34000 121.000
27.36000 138.000
27.38000 137.000
27.40000 138.000
27.42000 163.000
27.44000 120.000
27.46000 155.000
27.48000 147.000
27.50000 132.000
27.52000 131.000
27.54000 157.000
27.56000 153.000
27.58000 148.000
27.60000 113.000
27.62000 128.000
27.64000 131.000
27.66000 147.000
27.68000 143.000
27.70000 151.000
27.72000 185.000
27.74000 137.000
27.76000 163.000
27.78000 157.000
27.80000 180.000
27.82000 160.000
27.84000 169.000
27.86000 175.000
27.88000 153.000
27.90000 148.000
27.92000 149.000
27.94000 176.000
27.96000 164.000
27.98000 182.000
28.00000 181.000
28.02000 196.000
28.04000 149.000
28.06000 152.000
28.08000 155.000
28.10000 165.000
28.12000 147.000
28.14000 137.000
28.16000 154.000
28.18000 137.000
28.20000 154.000
28.22000 143.000
28.24000 124.000
28.26000 114.000
28.28000 135.000
28.30000 136.000
28.32000 109.000
28.34000 149.000
28.36000 140.000
28.38000 118.000
28.40000 131.000
28.42000 128.000
28.44000 118.000
28.46000 139.000
28.48000 129.000
28.50000 137.000
28.52000 123.000
28.54000 150.000
28.56000 148.000
28.58000 123.000
28.60000 121.000
28.62000 130.000
28.64000 127.000
28.66000 108.000
28.68000 147.000
28.70000 141.000
28.72000 146.000
28.74000 101.000
28.76000 127.000
28.78000 102.000
28.80000 134.000
28.82000 104.000
28.84000 137.000
28.86000 131.000
28.88000 108.000
28.90000 142.000
28.92000 121.000
28.94000 131.000
28.96000 153.000
28.98000 113.000
29.00000 140.000
29.02000 115.000
29.04000 131.000
29.06000 117.000
29.08000 131.000
29.10000 118.000
29.12000 134.000
29.14000 114.000
29.16000 121.000
29.18000 110.000
29.20000 122.000
29.22000 123.000
29.24000 135.000
29.26000 136.000
29.28000 133.000
29.30000 112.000
29.32000 127.000
29.34000 111.000
29.36000 109.000
29.38000 142.000
29.40000 107.000
29.42000 120.000
29.44000 121.000
29.46000 131.000
29.48000 145.000
29.50000 114.000
29.52000 141.000
29.54000 116.000
29.56000 146.000
29.58000 143.000
29.60000 132.000
29.62000 123.000
29.64000 119.000
29.66000 118.000
29.68000 125.000
29.70000 137.000
29.72000 123.000
29.74000 115.000
29.76000 116.000
29.78000 138.000
29.80000 121.000
29.82000 110.000
29.84000 142.000
29.86000 121.000
29.88000 125.000
29.90000 131.000
29.92000 114.000
29.94000 145.000
29.96000 126.000
29.98000 111.000
30.00000 129.000
30.02000 131.000
30.04000 143.000
30.06000 122.000
30.08000 132.000
30.10000 135.000
30.12000 133.000
30.14000 137.000
30.16000 127.000
30.18000 148.000
30.20000 135.000
30.22000 143.000
30.24000 158.000
30.26000 141.000
30.28000 147.000
30.30000 114.000
30.32000 163.000
30.34000 144.000
30.36000 143.000
30.38000 141.000
30.40000 130.000
30.42000 126.000
30.44000 149.000
30.46000 153.000
30.48000 155.000
30.50000 162.000
30.52000 146.000
30.54000 138.000
30.56000 144.000
30.58000 150.000
30.60000 163.000
30.62000 147.000
30.64000 153.000
30.66000 168.000
30.68000 169.000
30.70000 153.000
30.72000 166.000
30.74000 152.000
30.76000 152.000
30.78000 146.000
30.80000 178.000
30.82000 165.000
30.84000 151.000
30.86000 177.000
30.88000 155.000
30.90000 176.000
30.92000 152.000
30.94000 165.000
30.96000 178.000
30.98000 177.000
31.00000 198.000
31.02000 174.000
31.04000 199.000
31.06000 172.000
31.08000 189.000
31.10000 204.000
31.12000 206.000
31.14000 203.000
31.16000 194.000
31.18000 208.000
31.20000 205.000
31.22000 212.000
31.24000 189.000
31.26000 199.000
31.28000 207.000
31.30000 214.000
31.32000 203.000
31.34000 207.000
31.36000 184.000
31.38000 208.000
31.40000 199.000
31.42000 211.000
31.44000 192.000
31.46000 191.000
31.48000 231.000
31.50000 154.000
31.52000 220.000
31.54000 191.000
31.56000 180.000
31.58000 195.000
31.60000 188.000
31.62000 184.000
31.64000 181.000
31.66000 173.000
31.68000 155.000
31.70000 164.000
31.72000 157.000
31.74000 166.000
31.76000 156.000
31.78000 166.000
31.80000 162.000
31.82000 175.000
31.84000 151.000
31.86000 132.000
31.88000 135.000
31.90000 124.000
31.92000 136.000
31.94000 128.000
31.96000 122.000
31.98000 129.000
32.00000 137.000
32.02000 128.000
32.04000 134.000
32.06000 110.000
32.08000 113.000
32.10000 119.000
32.12000 123.000
32.14000 143.000
32.16000 112.000
32.18000 132.000
32.20000 120.000
32.22000 120.000
32.24000 137.000
32.26000 124.000
32.28000 116.000
32.30000 123.000
32.32000 115.000
32.34000 125.000
32.36000 111.000
32.38000 98.000
32.40000 103.000
32.42000 104.000
32.44000 104.000
32.46000 117.000
32.48000 103.000
32.50000 117.000
32.52000 101.000
32.54000 107.000
32.56000 106.000
32.58000 89.000
32.60000 110.000
32.62000 122.000
32.64000 99.000
32.66000 96.000
32.68000 114.000
32.70000 104.000
32.72000 120.000
32.74000 109.000
32.76000 113.000
32.78000 129.000
32.80000 99.000
32.82000 123.000
32.84000 113.000
32.86000 97.000
32.88000 100.000
32.90000 108.000
32.92000 106.000
32.94000 125.000
32.96000 97.000
32.98000 107.000
33.00000 97.000
33.02000 104.000
33.04000 104.000
33.06000 107.000
33.08000 101.000
33.10000 96.000
33.12000 106.000
33.14000 104.000
33.16000 93.000
33.18000 91.000
33.20000 124.000
33.22000 99.000
33.24000 101.000
33.26000 108.000
33.28000 101.000
33.30000 116.000
33.32000 113.000
33.34000 117.000
33.36000 111.000
33.38000 92.000
33.40000 110.000
33.42000 109.000
33.44000 100.000
33.46000 107.000
33.48000 103.000
33.50000 123.000
33.52000 118.000
33.54000 130.000
33.56000 102.000
33.58000 110.000
33.60000 134.000
33.62000 138.000
33.64000 111.000
33.66000 139.000
33.68000 128.000
33.70000 116.000
33.72000 113.000
33.74000 118.000
33.76000 120.000
33.78000 104.000
33.80000 124.000
33.82000 133.000
33.84000 127.000
33.86000 130.000
33.88000 127.000
33.90000 137.000
33.92000 146.000
33.94000 121.000
33.96000 127.000
33.98000 120.000
34.00000 152.000
34.02000 136.000
34.04000 140.000
34.06000 144.000
34.08000 161.000
34.10000 160.000
34.12000 161.000
34.14000 151.000
34.16000 157.000
34.18000 159.000
34.20000 141.000
34.22000 155.000
34.24000 140.000
34.26000 167.000
34.28000 137.000
34.30000 140.000
34.32000 165.000
34.34000 159.000
34.36000 159.000
34.38000 166.000
34.40000 148.000
34.42000 160.000
34.44000 155.000
34.46000 144.000
34.48000 137.000
34.50000 144.000
34.52000 159.000
34.54000 181.000
34.56000 155.000
34.58000 173.000
34.60000 156.000
34.62000 178.000
34.64000 166.000
34.66000 159.000
34.68000 153.000
34.70000 154.000
34.72000 167.000
34.74000 166.000
34.76000 168.000
34.78000 145.000
34.80000 139.000
34.82000 170.000
34.84000 146.000
34.86000 148.000
34.88000 154.000
34.90000 141.000
34.92000 174.000
34.94000 157.000
34.96000 137.000
34.98000 118.000
35.00000 139.000
35.02000 129.000
35.04000 120.000
35.06000 99.000
35.08000 140.000
35.10000 124.000
35.12000 111.000
35.14000 105.000
35.16000 123.000
35.18000 108.000
35.20000 80.000
35.22000 83.000
35.24000 93.000
35.26000 71.000
35.28000 86.000
35.30000 93.000
35.32000 99.000
35.34000 75.000
35.36000 84.000
35.38000 71.000
35.40000 72.000
35.42000 76.000
35.44000 89.000
35.46000 83.000
35.48000 88.000
35.50000 81.000
35.52000 88.000
35.54000 89.000
35.56000 92.000
35.58000 85.000
35.60000 79.000
35.62000 88.000
35.64000 76.000
35.66000 79.000
35.68000 83.000
35.70000 75.000
35.72000 60.000
35.74000 84.000
35.76000 95.000
35.78000 78.000
35.80000 79.000
35.82000 73.000
35.84000 75.000
35.86000 59.000
35.88000 69.000
35.90000 90.000
35.92000 72.000
35.94000 68.000
35.96000 75.000
35.98000 83.000
36.00000 78.000
36.02000 69.000
36.04000 59.000
36.06000 72.000
36.08000 64.000
36.10000 67.000
36.12000 62.000
36.14000 92.000
36.16000 65.000
36.18000 70.000
36.20000 62.000
36.22000 76.000
36.24000 79.000
36.26000 88.000
36.28000 74.000
36.30000 75.000
36.32000 75.000
36.34000 75.000
36.36000 97.000
36.38000 86.000
36.40000 82.000
36.42000 64.000
36.44000 54.000
36.46000 80.000
36.48000 73.000
36.50000 82.000
36.52000 73.000
36.54000 57.000
36.56000 75.000
36.58000 72.000
36.60000 79.000
36.62000 82.000
36.64000 84.000
36.66000 66.000
36.68000 91.000
36.70000 79.000
36.72000 73.000
36.74000 79.000
36.76000 68.000
36.78000 83.000
36.80000 66.000
36.82000 79.000
36.84000 89.000
36.86000 76.000
36.88000 81.000
36.90000 94.000
36.92000 91.000
36.94000 93.000
36.96000 87.000
36.98000 74.000
37.00000 94.000
37.02000 92.000
37.04000 100.000
37.06000 84.000
37.08000 92.000
37.10000 92.000
37.12000 98.000
37.14000 103.000
37.16000 95.000
37.18000 87.000
37.20000 93.000
37.22000 89.000
37.24000 88.000
37.26000 85.000
37.28000 85.000
37.30000 121.000
37.32000 101.000
37.34000 100.000
37.36000 106.000
37.38000 115.000
37.40000 99.000
37.42000 98.000
37.44000 99.000
37.46000 119.000
37.48000 123.000
37.50000 89.000
37.52000 99.000
37.54000 100.000
37.56000 129.000
37.58000 118.000
37.60000 143.000
37.62000 108.000
37.64000 116.000
37.66000 129.000
37.68000 143.000
37.70000 134.000
37.72000 118.000
37.74000 115.000
37.76000 122.000
37.78000 136.000
37.80000 129.000
37.82000 114.000
37.84000 98.000
37.86000 109.000
37.88000 113.000
37.90000 111.000
37.92000 109.000
37.94000 100.000
37.96000 92.000
37.98000 103.000
38.00000 88.000
38.02000 111.000
38.04000 86.000
38.06000 67.000
38.08000 80.000
38.10000 89.000
38.12000 81.000
38.14000 86.000
38.16000 64.000
38.18000 77.000
38.20000 73.000
38.22000 78.000
38.24000 81.000
38.26000 70.000
38.28000 80.000
38.30000 80.000
38.32000 63.000
38.34000 72.000
38.36000 73.000
38.38000 76.000
38.40000 66.000
38.42000 71.000
38.44000 76.000
38.46000 67.000
38.48000 80.000
38.50000 80.000
38.52000 81.000
38.54000 79.000
38.56000 67.000
38.58000 70.000
38.60000 56.000
38.62000 72.000
38.64000 74.000
38.66000 78.000
38.68000 70.000
38.70000 76.000
38.72000 59.000
38.74000 61.000
38.76000 67.000
38.78000 67.000
38.80000 77.000
38.82000 69.000
38.84000 68.000
38.86000 68.000
38.88000 74.000
38.90000 61.000
38.92000 72.000
38.94000 67.000
38.96000 71.000
38.98000 71.000
39.00000 80.000
39.02000 49.000
39.04000 75.000
39.06000 66.000
39.08000 81.000
39.10000 67.000
39.12000 78.000
39.14000 61.000
39.16000 67.000
39.18000 77.000
39.20000 82.000
39.22000 76.000
39.24000 67.000
39.26000 68.000
39.28000 71.000
39.30000 74.000
39.32000 60.000
39.34000 67.000
39.36000 63.000
39.38000 70.000
39.40000 69.000
39.42000 67.000
39.44000 67.000
39.46000 67.000
39.48000 71.000
39.50000 71.000
39.52000 71.000
39.54000 59.000
39.56000 71.000
39.58000 67.000
39.60000 61.000
39.62000 65.000
39.64000 70.000
39.66000 78.000
39.68000 93.000
39.70000 72.000
39.72000 71.000
39.74000 81.000
39.76000 78.000
39.78000 91.000
39.80000 75.000
39.82000 86.000
39.84000 88.000
39.86000 63.000
39.88000 82.000
39.90000 66.000
39.92000 77.000
39.94000 62.000
39.96000 67.000
39.98000 66.000
40.00000 66.000
40.02000 94.000
40.04000 74.000
40.06000 61.000
40.08000 62.000
40.10000 73.000
40.12000 80.000
40.14000 67.000
40.16000 81.000
40.18000 73.000
40.20000 68.000
40.22000 74.000
40.24000 77.000
40.26000 64.000
40.28000 95.000
40.30000 70.000
40.32000 61.000
40.34000 82.000
40.36000 75.000
40.38000 89.000
40.40000 89.000
40.42000 76.000
40.44000 68.000
40.46000 79.000
40.48000 81.000
40.50000 65.000
40.52000 87.000
40.54000 81.000
40.56000 74.000
40.58000 56.000
40.60000 74.000
40.62000 68.000
40.64000 80.000
40.66000 76.000
40.68000 74.000
40.70000 66.000
40.72000 69.000
40.74000 63.000
40.76000 66.000
40.78000 79.000
40.80000 83.000
40.82000 81.000
40.84000 68.000
40.86000 77.000
40.88000 60.000
40.90000 82.000
40.92000 77.000
40.94000 71.000
40.96000 75.000
40.98000 79.000
41.00000 78.000
41.02000 83.000
41.04000 70.000
41.06000 79.000
41.08000 89.000
41.10000 63.000
41.12000 75.000
41.14000 70.000
41.16000 55.000
41.18000 64.000
41.20000 91.000
41.22000 99.000
41.24000 76.000
41.26000 93.000
41.28000 80.000
41.30000 87.000
41.32000 92.000
41.34000 72.000
41.36000 82.000
41.38000 94.000
41.40000 84.000
41.42000 78.000
41.44000 72.000
41.46000 85.000
41.48000 80.000
41.50000 82.000
41.52000 85.000
41.54000 93.000
41.56000 86.000
41.58000 84.000
41.60000 116.000
41.62000 101.000
41.64000 94.000
41.66000 98.000
41.68000 127.000
41.70000 105.000
41.72000 111.000
41.74000 113.000
41.76000 103.000
41.78000 112.000
41.80000 108.000
41.82000 107.000
41.84000 106.000
41.86000 96.000
41.88000 122.000
41.90000 133.000
41.92000 122.000
41.94000 137.000
41.96000 110.000
41.98000 116.000
42.00000 125.000
42.02000 128.000
42.04000 145.000
42.06000 135.000
42.08000 133.000
42.10000 135.000
42.12000 146.000
42.14000 119.000
42.16000 149.000
42.18000 139.000
42.20000 137.000
42.22000 144.000
42.24000 168.000
42.26000 148.000
42.28000 152.000
42.30000 153.000
42.32000 148.000
42.34000 159.000
42.36000 149.000
42.38000 177.000
42.40000 157.000
42.42000 167.000
42.44000 155.000
42.46000 153.000
42.48000 165.000
42.50000 178.000
42.52000 149.000
42.54000 159.000
42.56000 182.000
42.58000 151.000
42.60000 158.000
42.62000 178.000
42.64000 182.000
42.66000 155.000
42.68000 183.000
42.70000 154.000
42.72000 157.000
42.74000 152.000
42.76000 170.000
42.78000 157.000
42.80000 163.000
42.82000 161.000
42.84000 162.000
42.86000 177.000
42.88000 167.000
42.90000 153.000
42.92000 153.000
42.94000 182.000
42.96000 152.000
42.98000 136.000
43.00000 159.000
43.02000 153.000
43.04000 152.000
43.06000 145.000
43.08000 153.000
43.10000 133.000
43.12000 156.000
43.14000 168.000
43.16000 140.000
43.18000 142.000
43.20000 145.000
43.22000 141.000
43.24000 125.000
43.26000 109.000
43.28000 107.000
43.30000 106.000
43.32000 112.000
43.34000 99.000
43.36000 100.000
43.38000 104.000
43.40000 85.000
43.42000 83.000
43.44000 101.000
43.46000 81.000
43.48000 81.000
43.50000 78.000
43.52000 85.000
43.54000 70.000
43.56000 71.000
43.58000 79.000
43.60000 76.000
43.62000 79.000
43.64000 68.000
43.66000 74.000
43.68000 66.000
43.70000 49.000
43.72000 71.000
43.74000 68.000
43.76000 66.000
43.78000 79.000
43.80000 65.000
43.82000 65.000
43.84000 63.000
43.86000 54.000
43.88000 57.000
43.90000 65.000
43.92000 50.000
43.94000 64.000
43.96000 54.000
43.98000 61.000
44.00000 62.000
44.02000 66.000
44.04000 71.000
44.06000 70.000
44.08000 57.000
44.10000 62.000
44.12000 61.000
44.14000 53.000
44.16000 66.000
44.18000 72.000
44.20000 52.000
44.22000 51.000
44.24000 73.000
44.26000 67.000
44.28000 66.000
44.30000 59.000
44.32000 51.000
44.34000 64.000
44.36000 57.000
44.38000 72.000
44.40000 56.000
44.42000 60.000
44.44000 55.000
44.46000 58.000
44.48000 54.000
44.50000 49.000
44.52000 44.000
44.54000 65.000
44.56000 73.000
44.58000 57.000
44.60000 49.000
44.62000 57.000
44.64000 45.000
44.66000 56.000
44.68000 56.000
44.70000 60.000
44.72000 58.000
44.74000 64.000
44.76000 59.000
44.78000 70.000
44.80000 62.000
44.82000 60.000
44.84000 49.000
44.86000 49.000
44.88000 60.000
44.90000 64.000
44.92000 54.000
44.94000 57.000
44.96000 54.000
44.98000 45.000
45.00000 55.000
45.02000 54.000
45.04000 54.000
45.06000 70.000
45.08000 77.000
45.10000 67.000
45.12000 65.000
45.14000 51.000
45.16000 63.000
45.18000 57.000
45.20000 53.000
45.22000 61.000
45.24000 49.000
45.26000 66.000
45.28000 56.000
45.30000 62.000
45.32000 69.000
45.34000 77.000
45.36000 67.000
45.38000 65.000
45.40000 59.000
45.42000 65.000
45.44000 53.000
45.46000 57.000
45.48000 55.000
45.50000 67.000
45.52000 61.000
45.54000 63.000
45.56000 47.000
45.58000 62.000
45.60000 57.000
45.62000 69.000
45.64000 68.000
45.66000 52.000
45.68000 53.000
45.70000 71.000
45.72000 61.000
45.74000 63.000
45.76000 48.000
45.78000 63.000
45.80000 70.000
45.82000 61.000
45.84000 70.000
45.86000 57.000
45.88000 53.000
45.90000 49.000
45.92000 58.000
45.94000 48.000
45.96000 51.000
45.98000 50.000
46.00000 57.000
46.02000 64.000
46.04000 61.000
46.06000 49.000
46.08000 39.000
46.10000 55.000
46.12000 44.000
46.14000 52.000
46.16000 55.000
46.18000 48.000
46.20000 46.000
46.22000 56.000
46.24000 57.000
46.26000 50.000
46.28000 55.000
46.30000 58.000
46.32000 60.000
46.34000 59.000
46.36000 64.000
46.38000 67.000
46.40000 46.000
46.42000 49.000
46.44000 54.000
46.46000 60.000
46.48000 58.000
46.50000 61.000
46.52000 60.000
46.54000 41.000
46.56000 51.000
46.58000 65.000
46.60000 52.000
46.62000 54.000
46.64000 54.000
46.66000 58.000
46.68000 58.000
46.70000 55.000
46.72000 57.000
46.74000 61.000
46.76000 57.000
46.78000 47.000
46.80000 53.000
46.82000 56.000
46.84000 61.000
46.86000 53.000
46.88000 51.000
46.90000 55.000
46.92000 48.000
46.94000 60.000
46.96000 58.000
46.98000 63.000
47.00000 65.000
47.02000 45.000
47.04000 56.000
47.06000 60.000
47.08000 56.000
47.10000 57.000
47.12000 57.000
47.14000 48.000
47.16000 65.000
47.18000 60.000
47.20000 61.000
47.22000 61.000
47.24000 57.000
47.26000 42.000
47.28000 68.000
47.30000 46.000
47.32000 36.000
47.34000 55.000
47.36000 52.000
47.38000 53.000
47.40000 48.000
47.42000 64.000
47.44000 53.000
47.46000 62.000
47.48000 66.000
47.50000 49.000
47.52000 67.000
47.54000 65.000
47.56000 63.000
47.58000 62.000
47.60000 62.000
47.62000 60.000
47.64000 58.000
47.66000 57.000
47.68000 45.000
47.70000 77.000
47.72000 57.000
47.74000 59.000
47.76000 62.000
47.78000 66.000
47.80000 47.000
47.82000 54.000
47.84000 72.000
47.86000 49.000
47.88000 63.000
47.90000 52.000
47.92000 55.000
47.94000 61.000
47.96000 59.000
47.98000 64.000
48.00000 54.000
48.02000 64.000
48.04000 52.000
48.06000 74.000
48.08000 60.000
48.10000 61.000
48.12000 50.000
48.14000 63.000
48.16000 36.000
48.18000 55.000
48.20000 58.000
48.22000 54.000
48.24000 49.000
48.26000 31.000
48.28000 47.000
48.30000 56.000
48.32000 50.000
48.34000 56.000
48.36000 61.000
48.38000 48.000
48.40000 57.000
48.42000 56.000
48.44000 55.000
48.46000 74.000
48.48000 62.000
48.50000 54.000
48.52000 60.000
48.54000 56.000
48.56000 62.000
48.58000 54.000
48.60000 56.000
48.62000 60.000
48.64000 44.000
48.66000 53.000
48.68000 49.000
48.70000 67.000
48.72000 69.000
48.74000 49.000
48.76000 62.000
48.78000 63.000
48.80000 56.000
48.82000 58.000
48.84000 46.000
48.86000 43.000
48.88000 49.000
48.90000 49.000
48.92000 61.000
48.94000 41.000
48.96000 63.000
48.98000 60.000
49.00000 49.000
49.02000 56.000
49.04000 47.000
49.06000 60.000
49.08000 46.000
49.10000 49.000
49.12000 54.000
49.14000 56.000
49.16000 62.000
49.18000 64.000
49.20000 67.000
49.22000 51.000
49.24000 67.000
49.26000 71.000
49.28000 70.000
49.30000 64.000
49.32000 54.000
49.34000 52.000
49.36000 53.000
49.38000 61.000
49.40000 54.000
49.42000 68.000
49.44000 64.000
49.46000 53.000
49.48000 73.000
49.50000 59.000
49.52000 64.000
49.54000 52.000
49.56000 59.000
49.58000 40.000
49.60000 59.000
49.62000 71.000
49.64000 66.000
49.66000 66.000
49.68000 50.000
49.70000 54.000
49.72000 50.000
49.74000 59.000
49.76000 55.000
49.78000 50.000
49.80000 74.000
49.82000 54.000
49.84000 61.000
49.86000 61.000
49.88000 61.000
49.90000 63.000
49.92000 81.000
49.94000 60.000
49.96000 56.000
49.98000 62.000
50.00000 56.000
50.02000 63.000
50.04000 56.000
50.06000 50.000
50.08000 64.000
50.10000 57.000
50.12000 68.000
50.14000 51.000
50.16000 55.000
50.18000 63.000
50.20000 54.000
50.22000 60.000
50.24000 67.000
50.26000 55.000
50.28000 66.000
50.30000 69.000
50.32000 61.000
50.34000 42.000
50.36000 60.000
50.38000 57.000
50.40000 79.000
50.42000 51.000
50.44000 55.000
50.46000 59.000
50.48000 65.000
50.50000 60.000
50.52000 53.000
50.54000 67.000
50.56000 64.000
50.58000 49.000
50.60000 50.000
50.62000 70.000
50.64000 71.000
50.66000 50.000
50.68000 54.000
50.70000 50.000
50.72000 59.000
50.74000 60.000
50.76000 56.000
50.78000 69.000
50.80000 69.000
50.82000 63.000
50.84000 56.000
50.86000 58.000
50.88000 63.000
50.90000 56.000
50.92000 62.000
50.94000 65.000
50.96000 62.000
50.98000 64.000
51.00000 62.000
51.02000 55.000
51.04000 58.000
51.06000 59.000
51.08000 71.000
51.10000 56.000
51.12000 66.000
51.14000 68.000
51.16000 63.000
51.18000 67.000
51.20000 67.000
51.22000 79.000
51.24000 67.000
51.26000 77.000
51.28000 69.000
51.30000 74.000
51.32000 54.000
51.34000 71.000
51.36000 79.000
51.38000 69.000
51.40000 77.000
51.42000 64.000
51.44000 60.000
51.46000 60.000
51.48000 76.000
51.50000 71.000
51.52000 60.000
51.54000 66.000
51.56000 59.000
51.58000 78.000
51.60000 55.000
51.62000 69.000
51.64000 66.000
51.66000 70.000
51.68000 70.000
51.70000 61.000
51.72000 66.000
51.74000 57.000
51.76000 67.000
51.78000 56.000
51.80000 67.000
51.82000 64.000
51.84000 72.000
51.86000 69.000
51.88000 67.000
51.90000 45.000
51.92000 66.000
51.94000 61.000
51.96000 69.000
51.98000 51.000
52.00000 79.000
52.02000 65.000
52.04000 58.000
52.06000 62.000
52.08000 66.000
52.10000 65.000
52.12000 47.000
52.14000 60.000
52.16000 58.000
52.18000 78.000
52.20000 59.000
52.22000 55.000
52.24000 59.000
52.26000 64.000
52.28000 66.000
52.30000 72.000
52.32000 65.000
52.34000 58.000
52.36000 60.000
52.38000 36.000
52.40000 58.000
52.42000 59.000
52.44000 70.000
52.46000 62.000
52.48000 48.000
52.50000 53.000
52.52000 43.000
52.54000 61.000
52.56000 47.000
52.58000 51.000
52.60000 57.000
52.62000 47.000
52.64000 51.000
52.66000 68.000
52.68000 69.000
52.70000 41.000
52.72000 47.000
52.74000 47.000
52.76000 38.000
52.78000 46.000
52.80000 55.000
52.82000 40.000
52.84000 48.000
52.86000 48.000
52.88000 52.000
52.90000 54.000
52.92000 49.000
52.94000 44.000
52.96000 41.000
52.98000 41.000
53.00000 41.000
53.02000 49.000
53.04000 56.000
53.06000 57.000
53.08000 49.000
53.10000 43.000
53.12000 44.000
53.14000 51.000
53.16000 41.000
53.18000 59.000
53.20000 56.000
53.22000 54.000
53.24000 45.000
53.26000 49.000
53.28000 49.000
53.30000 37.000
53.32000 58.000
53.34000 54.000
53.36000 55.000
53.38000 42.000
53.40000 41.000
53.42000 43.000
53.44000 51.000
53.46000 35.000
53.48000 63.000
53.50000 55.000
53.52000 51.000
53.54000 48.000
53.56000 38.000
53.58000 48.000
53.60000 56.000
53.62000 56.000
53.64000 44.000
53.66000 40.000
53.68000 49.000
53.70000 43.000
53.72000 46.000
53.74000 51.000
53.76000 37.000
53.78000 55.000
53.80000 44.000
53.82000 49.000
53.84000 57.000
53.86000 41.000
53.88000 43.000
53.90000 42.000
53.92000 48.000
53.94000 60.000
53.96000 55.000
53.98000 40.000
54.00000 43.000
54.02000 52.000
54.04000 48.000
54.06000 52.000
54.08000 52.000
54.10000 56.000
54.12000 45.000
54.14000 54.000
54.16000 52.000
54.18000 36.000
54.20000 44.000
54.22000 44.000
54.24000 45.000
54.26000 49.000
54.28000 45.000
54.30000 38.000
54.32000 58.000
54.34000 54.000
54.36000 44.000
54.38000 46.000
54.40000 47.000
54.42000 34.000
54.44000 50.000
54.46000 55.000
54.48000 47.000
54.50000 63.000
54.52000 44.000
54.54000 47.000
54.56000 37.000
54.58000 59.000
54.60000 48.000
54.62000 50.000
54.64000 62.000
54.66000 59.000
54.68000 40.000
54.70000 56.000
54.72000 40.000
54.74000 55.000
54.76000 63.000
54.78000 47.000
54.80000 46.000
54.82000 45.000
54.84000 53.000
54.86000 39.000
54.88000 51.000
54.90000 57.000
54.92000 44.000
54.94000 50.000
54.96000 53.000
54.98000 50.000
55.00000 48.000
55.02000 55.000
55.04000 48.000
55.06000 50.000
55.08000 53.000
55.10000 45.000
55.12000 52.000
55.14000 52.000
55.16000 49.000
55.18000 60.000
55.20000 41.000
55.22000 48.000
55.24000 48.000
55.26000 48.000
55.28000 49.000
55.30000 46.000
55.32000 43.000
55.34000 50.000
55.36000 44.000
55.38000 45.000
55.40000 58.000
55.42000 49.000
55.44000 60.000
55.46000 61.000
55.48000 58.000
55.50000 58.000
55.52000 56.000
55.54000 62.000
55.56000 49.000
55.58000 35.000
55.60000 46.000
55.62000 50.000
55.64000 57.000
55.66000 55.000
55.68000 51.000
55.70000 54.000
55.72000 49.000
55.74000 68.000
55.76000 54.000
55.78000 48.000
55.80000 57.000
55.82000 51.000
55.84000 55.000
55.86000 53.000
55.88000 50.000
55.90000 46.000
55.92000 49.000
55.94000 55.000
55.96000 49.000
55.98000 55.000
56.00000 47.000
56.02000 61.000
56.04000 56.000
56.06000 57.000
56.08000 46.000
56.10000 63.000
56.12000 59.000
56.14000 56.000
56.16000 57.000
56.18000 58.000
56.20000 59.000
56.22000 58.000
56.24000 45.000
56.26000 64.000
56.28000 62.000
56.30000 56.000
56.32000 68.000
56.34000 64.000
56.36000 50.000
56.38000 57.000
56.40000 51.000
56.42000 59.000
56.44000 57.000
56.46000 45.000
56.48000 66.000
56.50000 48.000
56.52000 58.000
56.54000 59.000
56.56000 48.000
56.58000 72.000
56.60000 74.000
56.62000 61.000
56.64000 54.000
56.66000 61.000
56.68000 46.000
56.70000 62.000
56.72000 72.000
56.74000 51.000
56.76000 66.000
56.78000 71.000
56.80000 65.000
56.82000 67.000
56.84000 46.000
56.86000 59.000
56.88000 61.000
56.90000 58.000
56.92000 53.000
56.94000 52.000
56.96000 54.000
56.98000 71.000
57.00000 63.000
57.02000 54.000
57.04000 60.000
57.06000 57.000
57.08000 66.000
57.10000 61.000
57.12000 56.000
57.14000 56.000
57.16000 55.000
57.18000 66.000
57.20000 63.000
57.22000 51.000
57.24000 61.000
57.26000 46.000
57.28000 67.000
57.30000 69.000
57.32000 57.000
57.34000 80.000
57.36000 66.000
57.38000 71.000
57.40000 66.000
57.42000 61.000
57.44000 74.000
57.46000 55.000
57.48000 74.000
57.50000 56.000
57.52000 68.000
57.54000 70.000
57.56000 70.000
57.58000 74.000
57.60000 63.000
57.62000 65.000
57.64000 64.000
57.66000 70.000
57.68000 77.000
57.70000 66.000
57.72000 73.000
57.74000 80.000
57.76000 65.000
57.78000 76.000
57.80000 68.000
57.82000 76.000
57.84000 81.000
57.86000 68.000
57.88000 69.000
57.90000 69.000
57.92000 55.000
57.94000 78.000
57.96000 71.000
57.98000 79.000
58.00000 66.000
58.02000 88.000
58.04000 77.000
58.06000 73.000
58.08000 73.000
58.10000 78.000
58.12000 72.000
58.14000 71.000
58.16000 71.000
58.18000 61.000
58.20000 77.000
58.22000 91.000
58.24000 73.000
58.26000 69.000
58.28000 85.000
58.30000 74.000
58.32000 77.000
58.34000 78.000
58.36000 93.000
58.38000 97.000
58.40000 82.000
58.42000 63.000
58.44000 73.000
58.46000 88.000
58.48000 74.000
58.50000 77.000
58.52000 92.000
58.54000 97.000
58.56000 65.000
58.58000 71.000
58.60000 78.000
58.62000 85.000
58.64000 83.000
58.66000 73.000
58.68000 90.000
58.70000 75.000
58.72000 61.000
58.74000 71.000
58.76000 75.000
58.78000 70.000
58.80000 72.000
58.82000 84.000
58.84000 71.000
58.86000 53.000
58.88000 81.000
58.90000 57.000
58.92000 70.000
58.94000 65.000
58.96000 57.000
58.98000 64.000
59.00000 71.000
59.02000 81.000
59.04000 57.000
59.06000 67.000
59.08000 59.000
59.10000 65.000
59.12000 58.000
59.14000 66.000
59.16000 52.000
59.18000 59.000
59.20000 61.000
59.22000 65.000
59.24000 66.000
59.26000 76.000
59.28000 64.000
59.30000 64.000
59.32000 59.000
59.34000 71.000
59.36000 57.000
59.38000 62.000
59.40000 58.000
59.42000 71.000
59.44000 62.000
59.46000 61.000
59.48000 59.000
59.50000 59.000
59.52000 74.000
59.54000 61.000
59.56000 71.000
59.58000 68.000
59.60000 62.000
59.62000 69.000
59.64000 70.000
59.66000 67.000
59.68000 64.000
59.70000 63.000
59.72000 78.000
59.74000 69.000
59.76000 68.000
59.78000 79.000
59.80000 56.000
59.82000 52.000
59.84000 68.000
59.86000 58.000
59.88000 58.000
59.90000 60.000
59.92000 67.000
59.94000 58.000
59.96000 68.000
59.98000 64.000
60.00000 71.000
60.02000 70.000
60.04000 71.000
60.06000 57.000
60.08000 64.000
60.10000 67.000
60.12000 59.000
60.14000 67.000
60.16000 88.000
60.18000 80.000
60.20000 64.000
60.22000 71.000
60.24000 67.000
60.26000 73.000
60.28000 82.000
60.30000 57.000
60.32000 63.000
60.34000 73.000
60.36000 75.000
60.38000 73.000
60.40000 60.000
60.42000 84.000
60.44000 74.000
60.46000 70.000
60.48000 81.000
60.50000 71.000
60.52000 73.000
60.54000 60.000
60.56000 73.000
60.58000 74.000
60.60000 55.000
60.62000 64.000
60.64000 69.000
60.66000 51.000
60.68000 58.000
60.70000 77.000
60.72000 74.000
60.74000 67.000
60.76000 64.000
60.78000 70.000
60.80000 78.000
60.82000 66.000
60.84000 58.000
60.86000 47.000
60.88000 54.000
60.90000 66.000
60.92000 61.000
60.94000 81.000
60.96000 56.000
60.98000 73.000
61.00000 89.000
61.02000 61.000
61.04000 86.000
61.06000 67.000
61.08000 74.000
61.10000 66.000
61.12000 64.000
61.14000 61.000
61.16000 71.000
61.18000 73.000
61.20000 62.000
61.22000 64.000
61.24000 62.000
61.26000 62.000
61.28000 65.000
61.30000 70.000
61.32000 54.000
61.34000 62.000
61.36000 65.000
61.38000 69.000
61.40000 51.000
61.42000 58.000
61.44000 63.000
61.46000 72.000
61.48000 75.000
61.50000 66.000
61.52000 61.000
61.54000 72.000
61.56000 54.000
61.58000 69.000
61.60000 72.000
61.62000 58.000
61.64000 58.000
61.66000 56.000
61.68000 69.000
61.70000 58.000
61.72000 71.000
61.74000 71.000
61.76000 59.000
61.78000 77.000
61.80000 57.000
61.82000 70.000
61.84000 63.000
61.86000 64.000
61.88000 67.000
61.90000 68.000
61.92000 74.000
61.94000 66.000
61.96000 72.000
61.98000 73.000
62.00000 62.000
62.02000 73.000
62.04000 63.000
62.06000 75.000
62.08000 56.000
62.10000 73.000
62.12000 62.000
62.14000 71.000
62.16000 86.000
62.18000 55.000
62.20000 52.000
62.22000 64.000
62.24000 65.000
62.26000 65.000
62.28000 65.000
62.30000 63.000
62.32000 60.000
62.34000 82.000
62.36000 65.000
62.38000 61.000
62.40000 72.000
62.42000 72.000
62.44000 64.000
62.46000 69.000
62.48000 65.000
62.50000 73.000
62.52000 69.000
62.54000 61.000
62.56000 69.000
62.58000 88.000
62.60000 59.000
62.62000 59.000
62.64000 78.000
62.66000 65.000
62.68000 67.000
62.70000 65.000
62.72000 68.000
62.74000 59.000
62.76000 73.000
62.78000 67.000
62.80000 64.000
62.82000 45.000
62.84000 65.000
62.86000 60.000
62.88000 68.000
62.90000 59.000
62.92000 64.000
62.94000 62.000
62.96000 62.000
62.98000 61.000
63.00000 68.000
63.02000 50.000
63.04000 63.000
63.06000 53.000
63.08000 59.000
63.10000 49.000
63.12000 48.000
63.14000 52.000
63.16000 53.000
63.18000 63.000
63.20000 60.000
63.22000 50.000
63.24000 62.000
63.26000 64.000
63.28000 59.000
63.30000 55.000
63.32000 62.000
63.34000 45.000
63.36000 55.000
63.38000 57.000
63.40000 55.000
63.42000 45.000
63.44000 64.000
63.46000 54.000
63.48000 60.000
63.50000 59.000
63.52000 65.000
63.54000 52.000
63.56000 59.000
63.58000 56.000
63.60000 54.000
63.62000 61.000
63.64000 59.000
63.66000 56.000
63.68000 65.000
63.70000 70.000
63.72000 58.000
63.74000 63.000
63.76000 68.000
63.78000 59.000
63.80000 59.000
63.82000 51.000
63.84000 65.000
63.86000 51.000
63.88000 59.000
63.90000 55.000
63.92000 58.000
63.94000 72.000
63.96000 49.000
63.98000 67.000
64.00000 57.000
64.02000 62.000
64.04000 57.000
64.06000 60.000
64.08000 60.000
64.10000 59.000
64.12000 58.000
64.14000 47.000
64.16000 49.000
64.18000 57.000
64.20000 56.000
64.22000 60.000
64.24000 69.000
64.26000 53.000
64.28000 62.000
64.30000 52.000
64.32000 71.000
64.34000 69.000
64.36000 58.000
64.38000 72.000
64.40000 73.000
64.42000 74.000
64.44000 65.000
64.46000 77.000
64.48000 53.000
64.50000 60.000
64.52000 66.000
64.54000 59.000
64.56000 48.000
64.58000 60.000
64.60000 60.000
64.62000 69.000
64.64000 59.000
64.66000 64.000
64.68000 59.000
64.70000 60.000
64.72000 56.000
64.74000 54.000
64.76000 59.000
64.78000 59.000
64.80000 53.000
64.82000 53.000
64.84000 55.000
64.86000 57.000
64.88000 55.000
64.90000 37.000
64.92000 45.000
64.94000 46.000
64.96000 48.000
64.98000 56.000
65.00000 46.000
65.02000 57.000
65.04000 54.000
65.06000 51.000
65.08000 51.000
65.10000 64.000
65.12000 50.000
65.14000 60.000
65.16000 56.000
65.18000 49.000
65.20000 39.000
65.22000 51.000
65.24000 52.000
65.26000 52.000
65.28000 46.000
65.30000 67.000
65.32000 47.000
65.34000 53.000
65.36000 39.000
65.38000 47.000
65.40000 54.000
65.42000 50.000
65.44000 52.000
65.46000 50.000
65.48000 60.000
65.50000 44.000
65.52000 44.000
65.54000 59.000
65.56000 38.000
65.58000 38.000
65.60000 49.000
65.62000 53.000
65.64000 49.000
65.66000 49.000
65.68000 40.000
65.70000 52.000
65.72000 54.000
65.74000 40.000
65.76000 55.000
65.78000 36.000
65.80000 57.000
65.82000 53.000
65.84000 47.000
65.86000 48.000
65.88000 54.000
65.90000 45.000
65.92000 49.000
65.94000 35.000
65.96000 54.000
65.98000 51.000
66.00000 46.000
66.02000 44.000
66.04000 53.000
66.06000 44.000
66.08000 44.000
66.10000 44.000
66.12000 47.000
66.14000 50.000
66.16000 42.000
66.18000 55.000
66.20000 59.000
66.22000 51.000
66.24000 31.000
66.26000 48.000
66.28000 59.000
66.30000 50.000
66.32000 54.000
66.34000 50.000
66.36000 60.000
66.38000 45.000
66.40000 41.000
66.42000 51.000
66.44000 58.000
66.46000 60.000
66.48000 41.000
66.50000 46.000
66.52000 53.000
66.54000 51.000
66.56000 41.000
66.58000 43.000
66.60000 56.000
66.62000 45.000
66.64000 45.000
66.66000 54.000
66.68000 46.000
66.70000 36.000
66.72000 41.000
66.74000 58.000
66.76000 46.000
66.78000 50.000
66.80000 53.000
66.82000 47.000
66.84000 58.000
66.86000 47.000
66.88000 48.000
66.90000 61.000
66.92000 62.000
66.94000 56.000
66.96000 52.000
66.98000 55.000
67.00000 49.000
67.02000 48.000
67.04000 48.000
67.06000 62.000
67.08000 70.000
67.10000 58.000
67.12000 34.000
67.14000 45.000
67.16000 54.000
67.18000 64.000
67.20000 45.000
67.22000 49.000
67.24000 48.000
67.26000 56.000
67.28000 60.000
67.30000 59.000
67.32000 42.000
67.34000 45.000
67.36000 58.000
67.38000 54.000
67.40000 57.000
67.42000 50.000
67.44000 57.000
67.46000 50.000
67.48000 45.000
67.50000 39.000
67.52000 45.000
67.54000 60.000
67.56000 57.000
67.58000 70.000
67.60000 54.000
67.62000 49.000
67.64000 57.000
67.66000 41.000
67.68000 64.000
67.70000 58.000
67.72000 48.000
67.74000 47.000
67.76000 69.000
67.78000 56.000
67.80000 53.000
67.82000 71.000
67.84000 58.000
67.86000 50.000
67.88000 52.000
67.90000 60.000
67.92000 62.000
67.94000 45.000
67.96000 51.000
67.98000 56.000
68.00000 60.000
68.02000 58.000
68.04000 62.000
68.06000 66.000
68.08000 62.000
68.10000 76.000
68.12000 72.000
68.14000 61.000
68.16000 62.000
68.18000 54.000
68.20000 52.000
68.22000 44.000
68.24000 60.000
68.26000 53.000
68.28000 56.000
68.30000 50.000
68.32000 62.000
68.34000 63.000
68.36000 45.000
68.38000 64.000
68.40000 55.000
68.42000 51.000
68.44000 46.000
68.46000 62.000
68.48000 68.000
68.50000 66.000
68.52000 63.000
68.54000 54.000
68.56000 58.000
68.58000 64.000
68.60000 64.000
68.62000 44.000
68.64000 63.000
68.66000 46.000
68.68000 50.000
68.70000 63.000
68.72000 61.000
68.74000 68.000
68.76000 57.000
68.78000 51.000
68.80000 70.000
68.82000 55.000
68.84000 51.000
68.86000 52.000
68.88000 62.000
68.90000 52.000
68.92000 55.000
68.94000 54.000
68.96000 43.000
68.98000 52.000
69.00000 59.000
69.02000 52.000
69.04000 55.000
69.06000 47.000
69.08000 58.000
69.10000 54.000
69.12000 54.000
69.14000 61.000
69.16000 60.000
69.18000 66.000
69.20000 46.000
69.22000 75.000
69.24000 51.000
69.26000 68.000
69.28000 65.000
69.30000 58.000
69.32000 58.000
69.34000 61.000
69.36000 51.000
69.38000 53.000
69.40000 61.000
69.42000 54.000
69.44000 62.000
69.46000 72.000
69.48000 48.000
69.50000 53.000
69.52000 53.000
69.54000 65.000
69.56000 50.000
69.58000 58.000
69.60000 58.000
69.62000 57.000
69.64000 43.000
69.66000 50.000
69.68000 59.000
69.70000 66.000
69.72000 44.000
69.74000 50.000
69.76000 41.000
69.78000 57.000
69.80000 50.000
69.82000 64.000
69.84000 58.000
69.86000 55.000
69.88000 55.000
69.90000 57.000
69.92000 38.000
69.94000 57.000
69.96000 64.000
69.98000 56.000
70.00000 53.000
70.02000 68.000
70.04000 50.000
70.06000 47.000
70.08000 59.000
70.10000 54.000
70.12000 44.000
70.14000 43.000
70.16000 37.000
70.18000 61.000
70.20000 51.000
70.22000 61.000
70.24000 57.000
70.26000 39.000
70.28000 53.000
70.30000 54.000
70.32000 51.000
70.34000 55.000
70.36000 57.000
70.38000 43.000
70.40000 55.000
70.42000 56.000
70.44000 53.000
70.46000 48.000
70.48000 32.000
70.50000 51.000
70.52000 48.000
70.54000 45.000
70.56000 59.000
70.58000 43.000
70.60000 44.000
70.62000 62.000
70.64000 44.000
70.66000 52.000
70.68000 57.000
70.70000 49.000
70.72000 30.000
70.74000 50.000
70.76000 45.000
70.78000 61.000
70.80000 66.000
70.82000 54.000
70.84000 50.000
70.86000 44.000
70.88000 63.000
70.90000 51.000
70.92000 54.000
70.94000 59.000
70.96000 47.000
70.98000 59.000
71.00000 46.000
71.02000 59.000
71.04000 48.000
71.06000 56.000
71.08000 52.000
71.10000 43.000
71.12000 42.000
71.14000 41.000
71.16000 42.000
71.18000 52.000
71.20000 42.000
71.22000 60.000
71.24000 56.000
71.26000 53.000
71.28000 53.000
71.30000 47.000
71.32000 52.000
71.34000 58.000
71.36000 45.000
71.38000 69.000
71.40000 51.000
71.42000 44.000
71.44000 55.000
71.46000 58.000
71.48000 53.000
71.50000 48.000
71.52000 43.000
71.54000 63.000
71.56000 51.000
71.58000 58.000
71.60000 48.000
71.62000 46.000
71.64000 45.000
71.66000 60.000
71.68000 38.000
71.70000 45.000
71.72000 45.000
71.74000 53.000
71.76000 58.000
71.78000 50.000
71.80000 46.000
71.82000 43.000
71.84000 36.000
71.86000 54.000
71.88000 58.000
71.90000 54.000
71.92000 43.000
71.94000 50.000
71.96000 57.000
71.98000 48.000
72.00000 63.000
72.02000 45.000
72.04000 45.000
72.06000 57.000
72.08000 68.000
72.10000 51.000
72.12000 56.000
72.14000 40.000
72.16000 59.000
72.18000 49.000
72.20000 47.000
72.22000 53.000
72.24000 52.000
72.26000 44.000
72.28000 51.000
72.30000 43.000
72.32000 47.000
72.34000 67.000
72.36000 46.000
72.38000 48.000
72.40000 57.000
72.42000 47.000
72.44000 48.000
72.46000 48.000
72.48000 53.000
72.50000 61.000
72.52000 59.000
72.54000 45.000
72.56000 58.000
72.58000 55.000
72.60000 42.000
72.62000 45.000
72.64000 49.000
72.66000 48.000
72.68000 42.000
72.70000 50.000
72.72000 47.000
72.74000 52.000
72.76000 56.000
72.78000 50.000
72.80000 41.000
72.82000 40.000
72.84000 50.000
72.86000 52.000
72.88000 42.000
72.90000 52.000
72.92000 52.000
72.94000 44.000
72.96000 57.000
72.98000 47.000
73.00000 59.000
73.02000 64.000
73.04000 40.000
73.06000 46.000
73.08000 53.000
73.10000 50.000
73.12000 47.000
73.14000 61.000
73.16000 44.000
73.18000 45.000
73.20000 41.000
73.22000 50.000
73.24000 61.000
73.26000 42.000
73.28000 46.000
73.30000 31.000
73.32000 52.000
73.34000 45.000
73.36000 41.000
73.38000 65.000
73.40000 49.000
73.42000 41.000
73.44000 54.000
73.46000 49.000
73.48000 47.000
73.50000 42.000
73.52000 52.000
73.54000 45.000
73.56000 60.000
73.58000 58.000
73.60000 59.000
73.62000 46.000
73.64000 38.000
73.66000 40.000
73.68000 47.000
73.70000 47.000
73.72000 41.000
73.74000 36.000
73.76000 59.000
73.78000 42.000
73.80000 55.000
73.82000 43.000
73.84000 49.000
73.86000 56.000
73.88000 46.000
73.90000 53.000
73.92000 42.000
73.94000 43.000
73.96000 52.000
73.98000 34.000
74.00000 41.000
74.02000 45.000
74.04000 48.000
74.06000 51.000
74.08000 45.000
74.10000 43.000
74.12000 47.000
74.14000 35.000
74.16000 44.000
74.18000 49.000
74.20000 32.000
74.22000 45.000
74.24000 49.000
74.26000 46.000
74.28000 46.000
74.30000 45.000
74.32000 37.000
74.34000 38.000
74.36000 59.000
74.38000 54.000
74.40000 37.000
74.42000 40.000
74.44000 44.000
74.46000 41.000
74.48000 49.000
74.50000 62.000
74.52000 33.000
74.54000 39.000
74.56000 39.000
74.58000 49.000
74.60000 51.000
74.62000 32.000
74.64000 49.000
74.66000 46.000
74.68000 38.000
74.70000 33.000
74.72000 42.000
74.74000 46.000
74.76000 36.000
74.78000 45.000
74.80000 36.000
74.82000 45.000
74.84000 30.000
74.86000 40.000
74.88000 43.000
74.90000 51.000
74.92000 41.000
74.94000 45.000
74.96000 43.000
74.98000 38.000
75.00000 49.000
75.02000 58.000
75.04000 44.000
75.06000 47.000
75.08000 39.000
75.10000 46.000
75.12000 42.000
75.14000 40.000
75.16000 51.000
75.18000 54.000
75.20000 51.000
75.22000 35.000
75.24000 36.000
75.26000 47.000
75.28000 40.000
75.30000 36.000
75.32000 55.000
75.34000 32.000
75.36000 43.000
75.38000 44.000
75.40000 46.000
75.42000 39.000
75.44000 51.000
75.46000 44.000
75.48000 40.000
75.50000 50.000
75.52000 42.000
75.54000 50.000
75.56000 50.000
75.58000 33.000
75.60000 44.000
75.62000 44.000
75.64000 45.000
75.66000 35.000
75.68000 51.000
75.70000 33.000
75.72000 44.000
75.74000 34.000
75.76000 29.000
75.78000 45.000
75.80000 43.000
75.82000 48.000
75.84000 26.000
75.86000 38.000
75.88000 37.000
75.90000 43.000
75.92000 40.000
75.94000 47.000
75.96000 50.000
75.98000 32.000
76.00000 46.000
76.02000 46.000
76.04000 33.000
76.06000 38.000
76.08000 39.000
76.10000 44.000
76.12000 41.000
76.14000 50.000
76.16000 40.000
76.18000 43.000
76.20000 33.000
76.22000 40.000
76.24000 42.000
76.26000 32.000
76.28000 52.000
76.30000 36.000
76.32000 51.000
76.34000 49.000
76.36000 37.000
76.38000 50.000
76.40000 39.000
76.42000 36.000
76.44000 49.000
76.46000 45.000
76.48000 50.000
76.50000 47.000
76.52000 41.000
76.54000 46.000
76.56000 45.000
76.58000 62.000
76.60000 51.000
76.62000 43.000
76.64000 44.000
76.66000 41.000
76.68000 40.000
76.70000 47.000
76.72000 52.000
76.74000 35.000
76.76000 40.000
76.78000 49.000
76.80000 39.000
76.82000 43.000
76.84000 47.000
76.86000 52.000
76.88000 47.000
76.90000 48.000
76.92000 59.000
76.94000 53.000
76.96000 45.000
76.98000 51.000
77.00000 47.000
77.02000 48.000
77.04000 48.000
77.06000 66.000
77.08000 47.000
77.10000 48.000
77.12000 63.000
77.14000 53.000
77.16000 49.000
77.18000 47.000
77.20000 43.000
77.22000 46.000
77.24000 35.000
77.26000 53.000
77.28000 53.000
77.30000 37.000
77.32000 53.000
77.34000 59.000
77.36000 44.000
77.38000 53.000
77.40000 38.000
77.42000 53.000
77.44000 47.000
77.46000 50.000
77.48000 54.000
77.50000 32.000
77.52000 45.000
77.54000 46.000
77.56000 45.000
77.58000 56.000
77.60000 48.000
77.62000 54.000
77.64000 51.000
77.66000 51.000
77.68000 46.000
77.70000 47.000
77.72000 47.000
77.74000 44.000
77.76000 51.000
77.78000 54.000
77.80000 40.000
77.82000 50.000
77.84000 57.000
77.86000 50.000
77.88000 51.000
77.90000 40.000
77.92000 46.000
77.94000 47.000
77.96000 45.000
77.98000 46.000
78.00000 51.000
78.02000 44.000
78.04000 53.000
78.06000 46.000
78.08000 43.000
78.10000 58.000
78.12000 41.000
78.14000 45.000
78.16000 41.000
78.18000 39.000
78.20000 37.000
78.22000 46.000
78.24000 51.000
78.26000 52.000
78.28000 43.000
78.30000 49.000
78.32000 54.000
78.34000 51.000
78.36000 52.000
78.38000 50.000
78.40000 45.000
78.42000 47.000
78.44000 52.000
78.46000 46.000
78.48000 45.000
78.50000 40.000
78.52000 55.000
78.54000 50.000
78.56000 49.000
78.58000 50.000
78.60000 58.000
78.62000 52.000
78.64000 44.000
78.66000 64.000
78.68000 59.000
78.70000 56.000
78.72000 38.000
78.74000 43.000
78.76000 53.000
78.78000 52.000
78.80000 62.000
78.82000 42.000
78.84000 55.000
78.86000 49.000
78.88000 47.000
78.90000 52.000
78.92000 57.000
78.94000 50.000
78.96000 51.000
78.98000 42.000
79.00000 52.000
79.02000 51.000
79.04000 44.000
79.06000 44.000
79.08000 40.000
79.10000 55.000
79.12000 60.000
79.14000 35.000
79.16000 51.000
79.18000 47.000
79.20000 43.000
79.22000 46.000
79.24000 32.000
79.26000 50.000
79.28000 47.000
79.30000 35.000
79.32000 47.000
79.34000 56.000
79.36000 38.000
79.38000 55.000
79.40000 50.000
79.42000 35.000
79.44000 31.000
79.46000 47.000
79.48000 41.000
79.50000 46.000
79.52000 43.000
79.54000 33.000
79.56000 40.000
79.58000 29.000
79.60000 46.000
79.62000 44.000
79.64000 42.000
79.66000 53.000
79.68000 37.000
79.70000 30.000
79.72000 39.000
79.74000 35.000
79.76000 43.000
79.78000 43.000
79.80000 41.000
79.82000 38.000
79.84000 30.000
79.86000 31.000
79.88000 37.000
79.90000 34.000
79.92000 39.000
79.94000 36.000
79.96000 40.000
79.98000 37.000
80.00000 34.000
